% time	cellId	IMSI	RNTI	sinrLinear	componentCarrierId
0.041	1	1	1	2159.62	0
0.081	1	1	1	2166.56	0
0.121	1	1	1	2173.53	0
0.161	1	1	1	2180.54	0
0.201	1	1	1	2187.58	0
0.241	1	1	1	2194.65	0
0.281	1	1	1	2201.76	0
0.321	1	1	1	2208.9	0
0.361	1	1	1	2216.08	0
0.401	1	1	1	2223.3	0
0.441	1	1	1	2230.54	0
0.481	1	1	1	2237.83	0
0.521	1	1	1	2245.15	0
0.561	1	1	1	2252.5	0
0.601	1	1	1	2259.89	0
0.641	1	1	1	2267.32	0
0.681	1	1	1	2274.79	0
0.721	1	1	1	2282.29	0
0.761	1	1	1	2289.83	0
0.801	1	1	1	2297.4	0
0.841	1	1	1	2305.02	0
0.881	1	1	1	2312.67	0
0.921	1	1	1	2320.36	0
0.961	1	1	1	2328.09	0
1.001	1	1	1	2335.85	0
1.041	1	1	1	2343.66	0
1.081	1	1	1	2351.51	0
1.121	1	1	1	2359.39	0
1.161	1	1	1	2367.31	0
1.201	1	1	1	2375.28	0
1.241	1	1	1	2383.28	0
1.281	1	1	1	2391.33	0
1.321	1	1	1	2399.41	0
1.361	1	1	1	2407.54	0
1.401	1	1	1	2415.71	0
1.441	1	1	1	2423.92	0
1.481	1	1	1	2432.17	0
1.521	1	1	1	2440.47	0
1.561	1	1	1	2448.8	0
1.601	1	1	1	2457.18	0
1.641	1	1	1	2465.6	0
1.681	1	1	1	2474.07	0
1.721	1	1	1	2482.58	0
1.761	1	1	1	2491.13	0
1.801	1	1	1	2499.73	0
1.841	1	1	1	2508.37	0
1.881	1	1	1	2517.06	0
1.921	1	1	1	2525.79	0
1.961	1	1	1	2534.57	0
2.001	1	1	1	2543.4	0
2.041	1	1	1	2552.27	0
2.081	1	1	1	2561.18	0
2.121	1	1	1	2570.15	0
2.161	1	1	1	2579.16	0
2.201	1	1	1	2588.21	0
2.241	1	1	1	2597.32	0
2.281	1	1	1	2606.47	0
2.321	1	1	1	2615.68	0
2.361	1	1	1	2624.93	0
2.401	1	1	1	2634.23	0
2.441	1	1	1	2643.58	0
2.481	1	1	1	2652.98	0
2.521	1	1	1	2662.43	0
2.561	1	1	1	2671.93	0
2.601	1	1	1	2681.48	0
2.641	1	1	1	2691.08	0
2.681	1	1	1	2700.74	0
2.721	1	1	1	2710.44	0
2.761	1	1	1	2720.2	0
2.801	1	1	1	2730.01	0
2.841	1	1	1	2739.88	0
2.881	1	1	1	2749.8	0
2.921	1	1	1	2759.77	0
2.961	1	1	1	2769.8	0
3.001	1	1	1	2779.88	0
3.041	1	1	1	2790.02	0
3.081	1	1	1	2800.21	0
3.121	1	1	1	2810.46	0
3.161	1	1	1	2820.76	0
3.201	1	1	1	2831.12	0
3.241	1	1	1	2841.54	0
3.281	1	1	1	2852.02	0
3.321	1	1	1	2862.55	0
3.361	1	1	1	2873.14	0
3.401	1	1	1	2883.8	0
3.441	1	1	1	2894.51	0
3.481	1	1	1	2905.28	0
3.521	1	1	1	2916.11	0
3.561	1	1	1	2927	0
3.601	1	1	1	2937.95	0
3.641	1	1	1	2948.97	0
3.681	1	1	1	2960.04	0
3.721	1	1	1	2971.18	0
3.761	1	1	1	2982.38	0
3.801	1	1	1	2993.65	0
3.841	1	1	1	3004.98	0
3.881	1	1	1	3016.37	0
3.921	1	1	1	3027.83	0
3.961	1	1	1	3039.35	0
4.001	1	1	1	3050.94	0
4.041	1	1	1	3062.6	0
4.081	1	1	1	3074.32	0
4.121	1	1	1	3086.12	0
4.161	1	1	1	3097.97	0
4.201	1	1	1	3109.9	0
4.241	1	1	1	3121.9	0
4.281	1	1	1	3133.96	0
4.321	1	1	1	3146.1	0
4.361	1	1	1	3158.31	0
4.401	1	1	1	3170.58	0
4.441	1	1	1	3182.93	0
4.481	1	1	1	3195.36	0
4.521	1	1	1	3207.85	0
4.561	1	1	1	3220.42	0
4.601	1	1	1	3233.06	0
4.641	1	1	1	3245.78	0
4.681	1	1	1	3258.57	0
4.721	1	1	1	3271.44	0
4.761	1	1	1	3284.38	0
4.801	1	1	1	3297.4	0
4.841	1	1	1	3310.5	0
4.881	1	1	1	3323.68	0
4.921	1	1	1	3336.93	0
4.961	1	1	1	3350.27	0
5.001	1	1	1	3363.68	0
5.041	1	1	1	3377.18	0
5.081	1	1	1	3390.75	0
5.121	1	1	1	3404.41	0
5.161	1	1	1	3418.16	0
5.201	1	1	1	3431.98	0
5.241	1	1	1	3445.89	0
5.281	1	1	1	3459.88	0
5.321	1	1	1	3473.96	0
5.361	1	1	1	3488.13	0
5.401	1	1	1	3502.38	0
5.441	1	1	1	3516.72	0
5.481	1	1	1	3531.15	0
5.521	1	1	1	3545.67	0
5.561	1	1	1	3560.27	0
5.601	1	1	1	3574.97	0
5.641	1	1	1	3589.76	0
5.681	1	1	1	3604.64	0
5.721	1	1	1	3619.61	0
5.761	1	1	1	3634.68	0
5.801	1	1	1	3649.84	0
5.841	1	1	1	3665.1	0
5.881	1	1	1	3680.45	0
5.921	1	1	1	3695.9	0
5.961	1	1	1	3711.44	0
6.001	1	1	1	3727.09	0
6.041	1	1	1	3742.83	0
6.081	1	1	1	3758.68	0
6.121	1	1	1	3774.62	0
6.161	1	1	1	3790.67	0
6.201	1	1	1	3806.81	0
6.241	1	1	1	3823.07	0
6.281	1	1	1	3839.42	0
6.321	1	1	1	3855.88	0
6.361	1	1	1	3872.45	0
6.401	1	1	1	3889.13	0
6.441	1	1	1	3905.91	0
6.481	1	1	1	3922.8	0
6.521	1	1	1	3939.8	0
6.561	1	1	1	3956.91	0
6.601	1	1	1	3974.14	0
6.641	1	1	1	3991.47	0
6.681	1	1	1	4008.92	0
6.721	1	1	1	4026.49	0
6.761	1	1	1	4044.17	0
6.801	1	1	1	4061.96	0
6.841	1	1	1	4079.88	0
6.881	1	1	1	4097.91	0
6.921	1	1	1	4116.07	0
6.961	1	1	1	4134.34	0
7.001	1	1	1	4152.74	0
7.041	1	1	1	4171.26	0
7.081	1	1	1	4189.9	0
7.121	1	1	1	4208.67	0
7.161	1	1	1	4227.56	0
7.201	1	1	1	4246.59	0
7.241	1	1	1	4265.74	0
7.281	1	1	1	4285.02	0
7.321	1	1	1	4304.43	0
7.361	1	1	1	4323.97	0
7.401	1	1	1	4343.65	0
7.441	1	1	1	4363.46	0
7.481	1	1	1	4383.41	0
7.521	1	1	1	4403.5	0
7.561	1	1	1	4423.72	0
7.601	1	1	1	4444.09	0
7.641	1	1	1	4464.59	0
7.681	1	1	1	4485.24	0
7.721	1	1	1	4506.03	0
7.761	1	1	1	4526.96	0
7.801	1	1	1	4548.04	0
7.841	1	1	1	4569.27	0
7.881	1	1	1	4590.65	0
7.921	1	1	1	4612.18	0
7.961	1	1	1	4633.86	0
8.001	1	1	1	4655.69	0
8.041	1	1	1	4677.68	0
8.081	1	1	1	4699.82	0
8.121	1	1	1	4722.12	0
8.161	1	1	1	4744.59	0
8.201	1	1	1	4767.21	0
8.241	1	1	1	4789.99	0
8.281	1	1	1	4812.94	0
8.321	1	1	1	4836.05	0
8.361	1	1	1	4859.33	0
8.401	1	1	1	4882.78	0
8.441	1	1	1	4906.4	0
8.481	1	1	1	4930.19	0
8.521	1	1	1	4954.15	0
8.561	1	1	1	4978.29	0
8.601	1	1	1	5002.6	0
8.641	1	1	1	5027.1	0
8.681	1	1	1	5051.77	0
8.721	1	1	1	5076.63	0
8.761	1	1	1	5101.67	0
8.801	1	1	1	5126.89	0
8.841	1	1	1	5152.31	0
8.881	1	1	1	5177.91	0
8.921	1	1	1	5203.7	0
8.961	1	1	1	5229.69	0
9.001	1	1	1	5255.87	0
9.041	1	1	1	5282.25	0
9.081	1	1	1	5308.83	0
9.121	1	1	1	5325.86	0
9.161	1	1	1	5325.87	0
9.201	1	1	1	5325.87	0
9.241	1	1	1	5325.87	0
9.281	1	1	1	5325.88	0
9.321	1	1	1	5325.88	0
9.361	1	1	1	5325.88	0
9.401	1	1	1	5325.89	0
9.441	1	1	1	5325.89	0
9.481	1	1	1	5325.89	0
9.521	1	1	1	5325.9	0
9.561	1	1	1	5325.9	0
9.601	1	1	1	5325.9	0
9.641	1	1	1	5325.91	0
9.681	1	1	1	5325.91	0
9.721	1	1	1	5325.91	0
9.761	1	1	1	5325.92	0
9.801	1	1	1	5325.92	0
9.841	1	1	1	5325.93	0
9.881	1	1	1	5325.93	0
9.921	1	1	1	5325.93	0
9.961	1	1	1	5325.94	0
10.001	1	1	1	5325.94	0
10.041	1	1	1	5325.94	0
10.081	1	1	1	5325.95	0
10.121	1	1	1	5325.95	0
10.161	1	1	1	5325.95	0
10.201	1	1	1	5325.96	0
10.241	1	1	1	5325.96	0
10.281	1	1	1	5325.97	0
10.321	1	1	1	5325.97	0
10.361	1	1	1	5325.97	0
10.401	1	1	1	5325.98	0
10.441	1	1	1	5325.98	0
10.481	1	1	1	5325.99	0
10.521	1	1	1	5325.99	0
10.561	1	1	1	5325.99	0
10.601	1	1	1	5326	0
10.641	1	1	1	5326	0
10.681	1	1	1	5326.01	0
10.721	1	1	1	5326.01	0
10.761	1	1	1	5326.01	0
10.801	1	1	1	5326.02	0
10.841	1	1	1	5326.02	0
10.881	1	1	1	5326.03	0
10.921	1	1	1	5326.03	0
10.961	1	1	1	5326.03	0
11.001	1	1	1	5326.04	0
11.041	1	1	1	5326.04	0
11.081	1	1	1	5326.05	0
11.121	1	1	1	5326.05	0
11.161	1	1	1	5326.05	0
11.201	1	1	1	5326.06	0
11.241	1	1	1	5326.06	0
11.281	1	1	1	5326.07	0
11.321	1	1	1	5326.07	0
11.361	1	1	1	5326.08	0
11.401	1	1	1	5326.08	0
11.441	1	1	1	5326.09	0
11.481	1	1	1	5326.09	0
11.521	1	1	1	5326.09	0
11.561	1	1	1	5326.1	0
11.601	1	1	1	5326.1	0
11.641	1	1	1	5326.11	0
11.681	1	1	1	5326.11	0
11.721	1	1	1	5326.12	0
11.761	1	1	1	5326.12	0
11.801	1	1	1	5326.13	0
11.841	1	1	1	5326.13	0
11.881	1	1	1	5326.14	0
11.921	1	1	1	5326.14	0
11.961	1	1	1	5326.15	0
12.001	1	1	1	5326.15	0
12.041	1	1	1	5326.16	0
12.081	1	1	1	5326.16	0
12.121	1	1	1	5326.17	0
12.161	1	1	1	5326.17	0
12.201	1	1	1	5326.18	0
12.241	1	1	1	5326.18	0
12.281	1	1	1	5326.19	0
12.321	1	1	1	5326.19	0
12.361	1	1	1	5326.2	0
12.401	1	1	1	5326.2	0
12.441	1	1	1	5326.21	0
12.481	1	1	1	5326.21	0
12.521	1	1	1	5326.22	0
12.561	1	1	1	5326.22	0
12.601	1	1	1	5326.23	0
12.641	1	1	1	5326.23	0
12.681	1	1	1	5326.24	0
12.721	1	1	1	5326.24	0
12.761	1	1	1	5326.25	0
12.801	1	1	1	5326.25	0
12.841	1	1	1	5326.26	0
12.881	1	1	1	5326.27	0
12.921	1	1	1	5326.27	0
12.961	1	1	1	5326.28	0
13.001	1	1	1	5326.28	0
13.041	1	1	1	5326.29	0
13.081	1	1	1	5326.29	0
13.121	1	1	1	5326.3	0
13.161	1	1	1	5326.31	0
13.201	1	1	1	5326.31	0
13.241	1	1	1	5326.32	0
13.281	1	1	1	5326.32	0
13.321	1	1	1	5326.33	0
13.361	1	1	1	5326.34	0
13.401	1	1	1	5326.34	0
13.441	1	1	1	5326.35	0
13.481	1	1	1	5326.35	0
13.521	1	1	1	5326.36	0
13.561	1	1	1	5326.37	0
13.601	1	1	1	5326.37	0
13.641	1	1	1	5326.38	0
13.681	1	1	1	5326.39	0
13.721	1	1	1	5326.39	0
13.761	1	1	1	5326.4	0
13.801	1	1	1	5326.4	0
13.841	1	1	1	5326.41	0
13.881	1	1	1	5326.42	0
13.921	1	1	1	5326.42	0
13.961	1	1	1	5326.43	0
14.001	1	1	1	5326.44	0
14.041	1	1	1	5326.44	0
14.081	1	1	1	5326.45	0
14.121	1	1	1	5326.46	0
14.161	1	1	1	5326.47	0
14.201	1	1	1	5326.47	0
14.241	1	1	1	5326.48	0
14.281	1	1	1	5326.49	0
14.321	1	1	1	5326.49	0
14.361	1	1	1	5326.5	0
14.401	1	1	1	5326.51	0
14.441	1	1	1	5326.52	0
14.481	1	1	1	5326.52	0
14.521	1	1	1	5326.53	0
14.561	1	1	1	5326.54	0
14.601	1	1	1	5326.55	0
14.641	1	1	1	5326.55	0
14.681	1	1	1	5326.56	0
14.721	1	1	1	5326.57	0
14.761	1	1	1	5326.58	0
14.801	1	1	1	5326.58	0
14.841	1	1	1	5326.59	0
14.881	1	1	1	5326.6	0
14.921	1	1	1	5326.61	0
14.961	1	1	1	5326.62	0
15.001	1	1	1	5326.62	0
15.041	1	1	1	5326.63	0
15.081	1	1	1	5326.64	0
15.121	1	1	1	5326.65	0
15.161	1	1	1	5326.66	0
15.201	1	1	1	5326.67	0
15.241	1	1	1	5326.68	0
15.281	1	1	1	5326.68	0
15.321	1	1	1	5326.69	0
15.361	1	1	1	5326.7	0
15.401	1	1	1	5326.71	0
15.441	1	1	1	5326.72	0
15.481	1	1	1	5326.73	0
15.521	1	1	1	5326.74	0
15.561	1	1	1	5326.75	0
15.601	1	1	1	5326.76	0
15.641	1	1	1	5326.77	0
15.681	1	1	1	5326.77	0
15.721	1	1	1	5326.78	0
15.761	1	1	1	5326.79	0
15.801	1	1	1	5326.8	0
15.841	1	1	1	5326.81	0
15.881	1	1	1	5326.82	0
15.921	1	1	1	5326.83	0
15.961	1	1	1	5326.84	0
16.001	1	1	1	5326.85	0
16.041	1	1	1	5326.86	0
16.081	1	1	1	5326.87	0
16.121	1	1	1	5326.88	0
16.161	1	1	1	5326.89	0
16.201	1	1	1	5326.9	0
16.241	1	1	1	5326.92	0
16.281	1	1	1	5326.93	0
16.321	1	1	1	5326.94	0
16.361	1	1	1	5326.95	0
16.401	1	1	1	5326.96	0
16.441	1	1	1	5326.97	0
16.481	1	1	1	5326.98	0
16.521	1	1	1	5326.99	0
16.561	1	1	1	5327	0
16.601	1	1	1	5327.02	0
16.641	1	1	1	5327.03	0
16.681	1	1	1	5327.04	0
16.721	1	1	1	5327.05	0
16.761	1	1	1	5327.06	0
16.801	1	1	1	5327.08	0
16.841	1	1	1	5327.09	0
16.881	1	1	1	5327.1	0
16.921	1	1	1	5327.11	0
16.961	1	1	1	5327.13	0
17.001	1	1	1	5327.14	0
17.041	1	1	1	5327.15	0
17.081	1	1	1	5327.16	0
17.121	1	1	1	5327.18	0
17.161	1	1	1	5327.19	0
17.201	1	1	1	5327.2	0
17.241	1	1	1	5327.22	0
17.281	1	1	1	5327.23	0
17.321	1	1	1	5327.25	0
17.361	1	1	1	5327.26	0
17.401	1	1	1	5327.27	0
17.441	1	1	1	5327.29	0
17.481	1	1	1	5327.3	0
17.521	1	1	1	5327.32	0
17.561	1	1	1	5327.33	0
17.601	1	1	1	5327.35	0
17.641	1	1	1	5327.36	0
17.681	1	1	1	5327.38	0
17.721	1	1	1	5327.39	0
17.761	1	1	1	5327.41	0
17.801	1	1	1	5327.42	0
17.841	1	1	1	5327.44	0
17.881	1	1	1	5327.46	0
17.921	1	1	1	5327.47	0
17.961	1	1	1	5327.49	0
18.001	1	1	1	5327.51	0
18.041	1	1	1	5327.52	0
18.081	1	1	1	5327.54	0
18.121	1	1	1	5327.56	0
18.161	1	1	1	5327.57	0
18.201	1	1	1	5327.59	0
18.241	1	1	1	5327.61	0
18.281	1	1	1	5327.63	0
18.321	1	1	1	5327.65	0
18.361	1	1	1	5327.66	0
18.401	1	1	1	5327.68	0
18.441	1	1	1	5327.7	0
18.481	1	1	1	5327.72	0
18.521	1	1	1	5327.74	0
18.561	1	1	1	5327.76	0
18.601	1	1	1	5327.78	0
18.641	1	1	1	5327.8	0
18.681	1	1	1	5327.82	0
18.721	1	1	1	5327.84	0
18.761	1	1	1	5327.86	0
18.801	1	1	1	5327.88	0
18.841	1	1	1	5327.91	0
18.881	1	1	1	5327.93	0
18.921	1	1	1	5327.95	0
18.961	1	1	1	5327.97	0
19.001	1	1	1	5327.99	0
19.041	1	1	1	5328.02	0
19.081	1	1	1	5328.04	0
19.121	1	1	1	5328.06	0
19.161	1	1	1	5328.09	0
19.201	1	1	1	5328.11	0
19.241	1	1	1	5328.14	0
19.281	1	1	1	5328.16	0
19.321	1	1	1	5328.19	0
19.361	1	1	1	5328.21	0
19.401	1	1	1	5328.24	0
19.441	1	1	1	5328.27	0
19.481	1	1	1	5328.29	0
19.521	1	1	1	5328.32	0
19.561	1	1	1	5328.35	0
19.601	1	1	1	5328.37	0
19.641	1	1	1	5328.4	0
19.681	1	1	1	5328.43	0
19.721	1	1	1	5328.46	0
19.761	1	1	1	5328.49	0
19.801	1	1	1	5328.52	0
19.841	1	1	1	5328.55	0
19.881	1	1	1	5328.58	0
19.921	1	1	1	5328.61	0
19.961	1	1	1	5328.65	0
20.001	1	1	1	5328.68	0
20.041	1	1	1	5328.71	0
20.081	1	1	1	5328.75	0
20.121	1	1	1	5328.78	0
20.161	1	1	1	5328.82	0
20.201	1	1	1	5328.85	0
20.241	1	1	1	5328.89	0
20.281	1	1	1	5328.92	0
20.321	1	1	1	5328.96	0
20.361	1	1	1	5329	0
20.401	1	1	1	5329.04	0
20.441	1	1	1	5329.08	0
20.481	1	1	1	5329.12	0
20.521	1	1	1	5329.16	0
20.561	1	1	1	5329.2	0
20.601	1	1	1	5329.24	0
20.641	1	1	1	5329.28	0
20.681	1	1	1	5329.33	0
20.721	1	1	1	5329.37	0
20.761	1	1	1	5329.42	0
20.801	1	1	1	5329.46	0
20.841	1	1	1	5329.51	0
20.881	1	1	1	5329.56	0
20.921	1	1	1	5329.61	0
20.961	1	1	1	5329.66	0
21.001	1	1	1	5329.71	0
21.041	1	1	1	5329.76	0
21.081	1	1	1	5329.81	0
21.121	1	1	1	5329.87	0
21.161	1	1	1	5329.92	0
21.201	1	1	1	5329.98	0
21.241	1	1	1	5330.03	0
21.281	1	1	1	5330.09	0
21.321	1	1	1	5330.15	0
21.361	1	1	1	5330.22	0
21.401	1	1	1	5330.28	0
21.441	1	1	1	5330.34	0
21.481	1	1	1	5330.41	0
21.521	1	1	1	5330.47	0
21.561	1	1	1	5330.54	0
21.601	1	1	1	5330.61	0
21.641	1	1	1	5330.69	0
21.681	1	1	1	5330.76	0
21.721	1	1	1	5330.83	0
21.761	1	1	1	5330.91	0
21.801	1	1	1	5330.99	0
21.841	1	1	1	5331.07	0
21.881	1	1	1	5331.16	0
21.921	1	1	1	5331.24	0
21.961	1	1	1	5331.33	0
22.001	1	1	1	5331.42	0
22.041	1	1	1	5331.51	0
22.081	1	1	1	5331.61	0
22.121	1	1	1	5331.71	0
22.161	1	1	1	5331.81	0
22.201	1	1	1	5331.91	0
22.241	1	1	1	5332.02	0
22.281	1	1	1	5332.13	0
22.321	1	1	1	5332.24	0
22.361	1	1	1	5332.35	0
22.401	1	1	1	5332.47	0
22.441	1	1	1	5332.6	0
22.481	1	1	1	5332.73	0
22.521	1	1	1	5332.86	0
22.561	1	1	1	5332.99	0
22.601	1	1	1	5333.13	0
22.641	1	1	1	5333.28	0
22.681	1	1	1	5333.43	0
22.721	1	1	1	5333.58	0
22.761	1	1	1	5333.74	0
22.801	1	1	1	5333.91	0
22.841	1	1	1	5334.08	0
22.881	1	1	1	5334.26	0
22.921	1	1	1	5334.45	0
22.961	1	1	1	5334.64	0
23.001	1	1	1	5334.85	0
23.041	1	1	1	5335.06	0
23.081	1	1	1	5335.28	0
23.121	1	1	1	5335.5	0
23.161	1	1	1	5335.74	0
23.201	1	1	1	5335.99	0
23.241	1	1	1	5336.25	0
23.281	1	1	1	5336.52	0
23.321	1	1	1	5336.81	0
23.361	1	1	1	5337.1	0
23.401	1	1	1	5337.42	0
23.441	1	1	1	5337.75	0
23.481	1	1	1	5338.09	0
23.521	1	1	1	5338.46	0
23.561	1	1	1	5338.85	0
23.601	1	1	1	5339.25	0
23.641	1	1	1	5339.69	0
23.681	1	1	1	5340.15	0
23.721	1	1	1	5340.63	0
23.761	1	1	1	5341.15	0
23.801	1	1	1	5341.71	0
23.841	1	1	1	5342.3	0
23.881	1	1	1	5342.93	0
23.921	1	1	1	5343.61	0
23.961	1	1	1	5344.34	0
24.001	1	1	1	5345.14	0
24.041	1	1	1	5345.99	0
24.081	1	1	1	5346.93	0
24.121	1	1	1	5347.95	0
24.161	1	1	1	5349.06	0
24.201	1	1	1	5350.29	0
24.241	1	1	1	5351.64	0
24.281	1	1	1	5353.15	0
24.321	1	1	1	5354.83	0
24.361	1	1	1	5356.73	0
24.401	1	1	1	5358.88	0
24.441	1	1	1	5361.34	0
24.481	1	1	1	5364.17	0
24.521	1	1	1	5367.48	0
24.561	1	1	1	5371.39	0
24.601	1	1	1	5376.09	0
24.641	1	1	1	5381.84	0
24.681	1	1	1	5389.03	0
24.721	1	1	1	5398.28	0
24.761	1	1	1	5410.64	0
24.801	1	1	1	5427.97	0
24.841	1	1	1	5454.05	0
24.881	1	1	1	5497.71	0
24.921	1	1	1	5585.81	0
24.961	1	1	1	5856.52	0
25.001	1	1	1	781996	0
25.041	1	1	1	4827.88	0
25.081	1	1	1	5072.15	0
25.121	1	1	1	5155.35	0
25.161	1	1	1	5197.3	0
25.201	1	1	1	5222.58	0
25.241	1	1	1	5239.48	0
25.281	1	1	1	5251.58	0
25.321	1	1	1	5260.66	0
25.361	1	1	1	5267.74	0
25.401	1	1	1	5273.4	0
25.441	1	1	1	5278.04	0
25.481	1	1	1	5281.91	0
25.521	1	1	1	5285.18	0
25.561	1	1	1	5287.99	0
25.601	1	1	1	5290.42	0
25.641	1	1	1	5292.55	0
25.681	1	1	1	5294.43	0
25.721	1	1	1	5296.1	0
25.761	1	1	1	5297.6	0
25.801	1	1	1	5298.94	0
25.841	1	1	1	5300.16	0
25.881	1	1	1	5301.27	0
25.921	1	1	1	5302.28	0
25.961	1	1	1	5303.21	0
26.001	1	1	1	5304.06	0
26.041	1	1	1	5304.85	0
26.081	1	1	1	5305.58	0
26.121	1	1	1	5306.26	0
26.161	1	1	1	5306.89	0
26.201	1	1	1	5307.48	0
26.241	1	1	1	5308.03	0
26.281	1	1	1	5308.54	0
26.321	1	1	1	5309.03	0
26.361	1	1	1	5309.48	0
26.401	1	1	1	5309.92	0
26.441	1	1	1	5310.32	0
26.481	1	1	1	5310.71	0
26.521	1	1	1	5311.07	0
26.561	1	1	1	5311.42	0
26.601	1	1	1	5311.75	0
26.641	1	1	1	5312.06	0
26.681	1	1	1	5312.36	0
26.721	1	1	1	5312.64	0
26.761	1	1	1	5312.91	0
26.801	1	1	1	5313.17	0
26.841	1	1	1	5313.42	0
26.881	1	1	1	5313.65	0
26.921	1	1	1	5313.88	0
26.961	1	1	1	5314.1	0
27.001	1	1	1	5314.31	0
27.041	1	1	1	5314.51	0
27.081	1	1	1	5314.7	0
27.121	1	1	1	5314.89	0
27.161	1	1	1	5315.07	0
27.201	1	1	1	5315.24	0
27.241	1	1	1	5315.41	0
27.281	1	1	1	5315.57	0
27.321	1	1	1	5315.72	0
27.361	1	1	1	5315.87	0
27.401	1	1	1	5316.02	0
27.441	1	1	1	5316.16	0
27.481	1	1	1	5316.29	0
27.521	1	1	1	5316.43	0
27.561	1	1	1	5316.55	0
27.601	1	1	1	5316.68	0
27.641	1	1	1	5316.8	0
27.681	1	1	1	5316.91	0
27.721	1	1	1	5317.02	0
27.761	1	1	1	5317.13	0
27.801	1	1	1	5317.24	0
27.841	1	1	1	5317.34	0
27.881	1	1	1	5317.44	0
27.921	1	1	1	5317.54	0
27.961	1	1	1	5317.64	0
28.001	1	1	1	5317.73	0
28.041	1	1	1	5317.82	0
28.081	1	1	1	5317.91	0
28.121	1	1	1	5317.99	0
28.161	1	1	1	5318.07	0
28.201	1	1	1	5318.16	0
28.241	1	1	1	5318.23	0
28.281	1	1	1	5318.31	0
28.321	1	1	1	5318.39	0
28.361	1	1	1	5318.46	0
28.401	1	1	1	5318.53	0
28.441	1	1	1	5318.6	0
28.481	1	1	1	5318.67	0
28.521	1	1	1	5318.74	0
28.561	1	1	1	5318.8	0
28.601	1	1	1	5318.87	0
28.641	1	1	1	5318.93	0
28.681	1	1	1	5318.99	0
28.721	1	1	1	5319.05	0
28.761	1	1	1	5319.11	0
28.801	1	1	1	5319.17	0
28.841	1	1	1	5319.22	0
28.881	1	1	1	5319.28	0
28.921	1	1	1	5319.33	0
28.961	1	1	1	5319.39	0
29.001	1	1	1	5319.44	0
29.041	1	1	1	5319.49	0
29.081	1	1	1	5319.54	0
29.121	1	1	1	5319.59	0
29.161	1	1	1	5319.64	0
29.201	1	1	1	5319.68	0
29.241	1	1	1	5319.73	0
29.281	1	1	1	5319.77	0
29.321	1	1	1	5319.82	0
29.361	1	1	1	5319.86	0
29.401	1	1	1	5319.9	0
29.441	1	1	1	5319.95	0
29.481	1	1	1	5319.99	0
29.521	1	1	1	5320.03	0
29.561	1	1	1	5320.07	0
29.601	1	1	1	5320.11	0
29.641	1	1	1	5320.15	0
29.681	1	1	1	5320.18	0
29.721	1	1	1	5320.22	0
29.761	1	1	1	5320.26	0
29.801	1	1	1	5320.29	0
29.841	1	1	1	5320.33	0
29.881	1	1	1	5320.36	0
29.921	1	1	1	5320.4	0
29.961	1	1	1	5320.43	0
30.001	1	1	1	5320.46	0
30.041	1	1	1	5320.5	0
30.081	1	1	1	5320.53	0
30.121	1	1	1	5320.56	0
30.161	1	1	1	5320.59	0
30.201	1	1	1	5320.62	0
30.241	1	1	1	5320.65	0
30.281	1	1	1	5320.68	0
30.321	1	1	1	5320.71	0
30.361	1	1	1	5320.74	0
30.401	1	1	1	5320.77	0
30.441	1	1	1	5320.8	0
30.481	1	1	1	5320.82	0
30.521	1	1	1	5320.85	0
30.561	1	1	1	5320.88	0
30.601	1	1	1	5320.9	0
30.641	1	1	1	5320.93	0
30.681	1	1	1	5320.96	0
30.721	1	1	1	5320.98	0
30.761	1	1	1	5321.01	0
30.801	1	1	1	5321.03	0
30.841	1	1	1	5321.05	0
30.881	1	1	1	5321.08	0
30.921	1	1	1	5321.1	0
30.961	1	1	1	5321.13	0
31.001	1	1	1	5321.15	0
31.041	1	1	1	5321.17	0
31.081	1	1	1	5321.19	0
31.121	1	1	1	5321.22	0
31.161	1	1	1	5321.24	0
31.201	1	1	1	5321.26	0
31.241	1	1	1	5321.28	0
31.281	1	1	1	5321.3	0
31.321	1	1	1	5321.32	0
31.361	1	1	1	5321.34	0
31.401	1	1	1	5321.36	0
31.441	1	1	1	5321.38	0
31.481	1	1	1	5321.4	0
31.521	1	1	1	5321.42	0
31.561	1	1	1	5321.44	0
31.601	1	1	1	5321.46	0
31.641	1	1	1	5321.48	0
31.681	1	1	1	5321.5	0
31.721	1	1	1	5321.52	0
31.761	1	1	1	5321.53	0
31.801	1	1	1	5321.55	0
31.841	1	1	1	5321.57	0
31.881	1	1	1	5321.59	0
31.921	1	1	1	5321.6	0
31.961	1	1	1	5321.62	0
32.001	1	1	1	5321.64	0
32.041	1	1	1	5321.65	0
32.081	1	1	1	5321.67	0
32.121	1	1	1	5321.69	0
32.161	1	1	1	5321.7	0
32.201	1	1	1	5321.72	0
32.241	1	1	1	5321.73	0
32.281	1	1	1	5321.75	0
32.321	1	1	1	5321.77	0
32.361	1	1	1	5321.78	0
32.401	1	1	1	5321.8	0
32.441	1	1	1	5321.81	0
32.481	1	1	1	5321.83	0
32.521	1	1	1	5321.84	0
32.561	1	1	1	5321.85	0
32.601	1	1	1	5321.87	0
32.641	1	1	1	5321.88	0
32.681	1	1	1	5321.9	0
32.721	1	1	1	5321.91	0
32.761	1	1	1	5321.92	0
32.801	1	1	1	5321.94	0
32.841	1	1	1	5321.95	0
32.881	1	1	1	5321.96	0
32.921	1	1	1	5321.98	0
32.961	1	1	1	5321.99	0
33.001	1	1	1	5322	0
33.041	1	1	1	5322.02	0
33.081	1	1	1	5322.03	0
33.121	1	1	1	5322.04	0
33.161	1	1	1	5322.05	0
33.201	1	1	1	5322.07	0
33.241	1	1	1	5322.08	0
33.281	1	1	1	5322.09	0
33.321	1	1	1	5322.1	0
33.361	1	1	1	5322.11	0
33.401	1	1	1	5322.13	0
33.441	1	1	1	5322.14	0
33.481	1	1	1	5322.15	0
33.521	1	1	1	5322.16	0
33.561	1	1	1	5322.17	0
33.601	1	1	1	5322.18	0
33.641	1	1	1	5322.19	0
33.681	1	1	1	5322.2	0
33.721	1	1	1	5322.22	0
33.761	1	1	1	5322.23	0
33.801	1	1	1	5322.24	0
33.841	1	1	1	5322.25	0
33.881	1	1	1	5322.26	0
33.921	1	1	1	5322.27	0
33.961	1	1	1	5322.28	0
34.001	1	1	1	5322.29	0
34.041	1	1	1	5322.3	0
34.081	1	1	1	5322.31	0
34.121	1	1	1	5322.32	0
34.161	1	1	1	5322.33	0
34.201	1	1	1	5322.34	0
34.241	1	1	1	5322.35	0
34.281	1	1	1	5322.36	0
34.321	1	1	1	5322.37	0
34.361	1	1	1	5322.38	0
34.401	1	1	1	5322.39	0
34.441	1	1	1	5322.4	0
34.481	1	1	1	5322.4	0
34.521	1	1	1	5322.41	0
34.561	1	1	1	5322.42	0
34.601	1	1	1	5322.43	0
34.641	1	1	1	5322.44	0
34.681	1	1	1	5322.45	0
34.721	1	1	1	5322.46	0
34.761	1	1	1	5322.47	0
34.801	1	1	1	5322.48	0
34.841	1	1	1	5322.48	0
34.881	1	1	1	5322.49	0
34.921	1	1	1	5322.5	0
34.961	1	1	1	5322.51	0
35.001	1	1	1	5322.52	0
35.041	1	1	1	5322.53	0
35.081	1	1	1	5322.53	0
35.121	1	1	1	5322.54	0
35.161	1	1	1	5322.55	0
35.201	1	1	1	5322.56	0
35.241	1	1	1	5322.57	0
35.281	1	1	1	5322.57	0
35.321	1	1	1	5322.58	0
35.361	1	1	1	5322.59	0
35.401	1	1	1	5322.6	0
35.441	1	1	1	5322.6	0
35.481	1	1	1	5322.61	0
35.521	1	1	1	5322.62	0
35.561	1	1	1	5322.63	0
35.601	1	1	1	5322.63	0
35.641	1	1	1	5322.64	0
35.681	1	1	1	5322.65	0
35.721	1	1	1	5322.66	0
35.761	1	1	1	5322.66	0
35.801	1	1	1	5322.67	0
35.841	1	1	1	5322.68	0
35.881	1	1	1	5322.68	0
35.921	1	1	1	5322.69	0
35.961	1	1	1	5322.7	0
36.001	1	1	1	5322.7	0
36.041	1	1	1	5322.71	0
36.081	1	1	1	5322.72	0
36.121	1	1	1	5322.72	0
36.161	1	1	1	5322.73	0
36.201	1	1	1	5322.74	0
36.241	1	1	1	5322.74	0
36.281	1	1	1	5322.75	0
36.321	1	1	1	5322.76	0
36.361	1	1	1	5322.76	0
36.401	1	1	1	5322.77	0
36.441	1	1	1	5322.78	0
36.481	1	1	1	5322.78	0
36.521	1	1	1	5322.79	0
36.561	1	1	1	5322.79	0
36.601	1	1	1	5322.8	0
36.641	1	1	1	5322.81	0
36.681	1	1	1	5322.81	0
36.721	1	1	1	5322.82	0
36.761	1	1	1	5322.82	0
36.801	1	1	1	5322.83	0
36.841	1	1	1	5322.84	0
36.881	1	1	1	5322.84	0
36.921	1	1	1	5322.85	0
36.961	1	1	1	5322.85	0
37.001	1	1	1	5322.86	0
37.041	1	1	1	5322.87	0
37.081	1	1	1	5322.87	0
37.121	1	1	1	5322.88	0
37.161	1	1	1	5322.88	0
37.201	1	1	1	5322.89	0
37.241	1	1	1	5322.89	0
37.281	1	1	1	5322.9	0
37.321	1	1	1	5322.9	0
37.361	1	1	1	5322.91	0
37.401	1	1	1	5322.91	0
37.441	1	1	1	5322.92	0
37.481	1	1	1	5322.93	0
37.521	1	1	1	5322.93	0
37.561	1	1	1	5322.94	0
37.601	1	1	1	5322.94	0
37.641	1	1	1	5322.95	0
37.681	1	1	1	5322.95	0
37.721	1	1	1	5322.96	0
37.761	1	1	1	5322.96	0
37.801	1	1	1	5322.97	0
37.841	1	1	1	5322.97	0
37.881	1	1	1	5322.98	0
37.921	1	1	1	5322.98	0
37.961	1	1	1	5322.99	0
38.001	1	1	1	5322.99	0
38.041	1	1	1	5323	0
38.081	1	1	1	5323	0
38.121	1	1	1	5323.01	0
38.161	1	1	1	5323.01	0
38.201	1	1	1	5323.01	0
38.241	1	1	1	5323.02	0
38.281	1	1	1	5323.02	0
38.321	1	1	1	5323.03	0
38.401	2	1	1	5326.34	0
38.441	2	1	1	5326.35	0
38.481	2	1	1	5326.35	0
38.521	2	1	1	5326.36	0
38.561	2	1	1	5326.37	0
38.601	2	1	1	5326.37	0
38.641	2	1	1	5326.38	0
38.681	2	1	1	5326.39	0
38.721	2	1	1	5326.39	0
38.761	2	1	1	5326.4	0
38.801	2	1	1	5326.4	0
38.841	2	1	1	5326.41	0
38.881	2	1	1	5326.42	0
38.921	2	1	1	5326.42	0
38.961	2	1	1	5326.43	0
39.001	2	1	1	5326.44	0
39.041	2	1	1	5326.44	0
39.081	2	1	1	5326.45	0
39.121	2	1	1	5326.46	0
39.161	2	1	1	5326.47	0
39.201	2	1	1	5326.47	0
39.241	2	1	1	5326.48	0
39.281	2	1	1	5326.49	0
39.321	2	1	1	5326.49	0
39.361	2	1	1	5326.5	0
39.401	2	1	1	5326.51	0
39.441	2	1	1	5326.52	0
39.481	2	1	1	5326.52	0
39.521	2	1	1	5326.53	0
39.561	2	1	1	5326.54	0
39.601	2	1	1	5326.55	0
39.641	2	1	1	5326.55	0
39.681	2	1	1	5326.56	0
39.721	2	1	1	5326.57	0
39.761	2	1	1	5326.58	0
39.801	2	1	1	5326.58	0
39.841	2	1	1	5326.59	0
39.881	2	1	1	5326.6	0
39.921	2	1	1	5326.61	0
39.961	2	1	1	5326.62	0
40.001	2	1	1	5326.62	0
40.041	2	1	1	5326.63	0
40.081	2	1	1	5326.64	0
40.121	2	1	1	5326.65	0
40.161	2	1	1	5326.66	0
40.201	2	1	1	5326.67	0
40.241	2	1	1	5326.68	0
40.281	2	1	1	5326.68	0
40.321	2	1	1	5326.69	0
40.361	2	1	1	5326.7	0
40.401	2	1	1	5326.71	0
40.441	2	1	1	5326.72	0
40.481	2	1	1	5326.73	0
40.521	2	1	1	5326.74	0
40.561	2	1	1	5326.75	0
40.601	2	1	1	5326.76	0
40.641	2	1	1	5326.77	0
40.681	2	1	1	5326.77	0
40.721	2	1	1	5326.78	0
40.761	2	1	1	5326.79	0
40.801	2	1	1	5326.8	0
40.841	2	1	1	5326.81	0
40.881	2	1	1	5326.82	0
40.921	2	1	1	5326.83	0
40.961	2	1	1	5326.84	0
41.001	2	1	1	5326.85	0
41.041	2	1	1	5326.86	0
41.081	2	1	1	5326.87	0
41.121	2	1	1	5326.88	0
41.161	2	1	1	5326.89	0
41.201	2	1	1	5326.9	0
41.241	2	1	1	5326.92	0
41.281	2	1	1	5326.93	0
41.321	2	1	1	5326.94	0
41.361	2	1	1	5326.95	0
41.401	2	1	1	5326.96	0
41.441	2	1	1	5326.97	0
41.481	2	1	1	5326.98	0
41.521	2	1	1	5326.99	0
41.561	2	1	1	5327	0
41.601	2	1	1	5327.02	0
41.641	2	1	1	5327.03	0
41.681	2	1	1	5327.04	0
41.721	2	1	1	5327.05	0
41.761	2	1	1	5327.06	0
41.801	2	1	1	5327.08	0
41.841	2	1	1	5327.09	0
41.881	2	1	1	5327.1	0
41.921	2	1	1	5327.11	0
41.961	2	1	1	5327.13	0
42.001	2	1	1	5327.14	0
42.041	2	1	1	5327.15	0
42.081	2	1	1	5327.16	0
42.121	2	1	1	5327.18	0
42.161	2	1	1	5327.19	0
42.201	2	1	1	5327.2	0
42.241	2	1	1	5327.22	0
42.281	2	1	1	5327.23	0
42.321	2	1	1	5327.25	0
42.361	2	1	1	5327.26	0
42.401	2	1	1	5327.27	0
42.441	2	1	1	5327.29	0
42.481	2	1	1	5327.3	0
42.521	2	1	1	5327.32	0
42.561	2	1	1	5327.33	0
42.601	2	1	1	5327.35	0
42.641	2	1	1	5327.36	0
42.681	2	1	1	5327.38	0
42.721	2	1	1	5327.39	0
42.761	2	1	1	5327.41	0
42.801	2	1	1	5327.42	0
42.841	2	1	1	5327.44	0
42.881	2	1	1	5327.46	0
42.921	2	1	1	5327.47	0
42.961	2	1	1	5327.49	0
43.001	2	1	1	5327.51	0
43.041	2	1	1	5327.52	0
43.081	2	1	1	5327.54	0
43.121	2	1	1	5327.56	0
43.161	2	1	1	5327.57	0
43.201	2	1	1	5327.59	0
43.241	2	1	1	5327.61	0
43.281	2	1	1	5327.63	0
43.321	2	1	1	5327.65	0
43.361	2	1	1	5327.66	0
43.401	2	1	1	5327.68	0
43.441	2	1	1	5327.7	0
43.481	2	1	1	5327.72	0
43.521	2	1	1	5327.74	0
43.561	2	1	1	5327.76	0
43.601	2	1	1	5327.78	0
43.641	2	1	1	5327.8	0
43.681	2	1	1	5327.82	0
43.721	2	1	1	5327.84	0
43.761	2	1	1	5327.86	0
43.801	2	1	1	5327.88	0
43.841	2	1	1	5327.91	0
43.881	2	1	1	5327.93	0
43.921	2	1	1	5327.95	0
43.961	2	1	1	5327.97	0
44.001	2	1	1	5327.99	0
44.041	2	1	1	5328.02	0
44.081	2	1	1	5328.04	0
44.121	2	1	1	5328.06	0
44.161	2	1	1	5328.09	0
44.201	2	1	1	5328.11	0
44.241	2	1	1	5328.14	0
44.281	2	1	1	5328.16	0
44.321	2	1	1	5328.19	0
44.361	2	1	1	5328.21	0
44.401	2	1	1	5328.24	0
44.441	2	1	1	5328.27	0
44.481	2	1	1	5328.29	0
44.521	2	1	1	5328.32	0
44.561	2	1	1	5328.35	0
44.601	2	1	1	5328.37	0
44.641	2	1	1	5328.4	0
44.681	2	1	1	5328.43	0
44.721	2	1	1	5328.46	0
44.761	2	1	1	5328.49	0
44.801	2	1	1	5328.52	0
44.841	2	1	1	5328.55	0
44.881	2	1	1	5328.58	0
44.921	2	1	1	5328.61	0
44.961	2	1	1	5328.65	0
45.001	2	1	1	5328.68	0
45.041	2	1	1	5328.71	0
45.081	2	1	1	5328.75	0
45.121	2	1	1	5328.78	0
45.161	2	1	1	5328.82	0
45.201	2	1	1	5328.85	0
45.241	2	1	1	5328.89	0
45.281	2	1	1	5328.92	0
45.321	2	1	1	5328.96	0
45.361	2	1	1	5329	0
45.401	2	1	1	5329.04	0
45.441	2	1	1	5329.08	0
45.481	2	1	1	5329.12	0
45.521	2	1	1	5329.16	0
45.561	2	1	1	5329.2	0
45.601	2	1	1	5329.24	0
45.641	2	1	1	5329.28	0
45.681	2	1	1	5329.33	0
45.721	2	1	1	5329.37	0
45.761	2	1	1	5329.42	0
45.801	2	1	1	5329.46	0
45.841	2	1	1	5329.51	0
45.881	2	1	1	5329.56	0
45.921	2	1	1	5329.61	0
45.961	2	1	1	5329.66	0
46.001	2	1	1	5329.71	0
46.041	2	1	1	5329.76	0
46.081	2	1	1	5329.81	0
46.121	2	1	1	5329.87	0
46.161	2	1	1	5329.92	0
46.201	2	1	1	5329.98	0
46.241	2	1	1	5330.03	0
46.281	2	1	1	5330.09	0
46.321	2	1	1	5330.15	0
46.361	2	1	1	5330.22	0
46.401	2	1	1	5330.28	0
46.441	2	1	1	5330.34	0
46.481	2	1	1	5330.41	0
46.521	2	1	1	5330.47	0
46.561	2	1	1	5330.54	0
46.601	2	1	1	5330.61	0
46.641	2	1	1	5330.69	0
46.681	2	1	1	5330.76	0
46.721	2	1	1	5330.83	0
46.761	2	1	1	5330.91	0
46.801	2	1	1	5330.99	0
46.841	2	1	1	5331.07	0
46.881	2	1	1	5331.16	0
46.921	2	1	1	5331.24	0
46.961	2	1	1	5331.33	0
47.001	2	1	1	5331.42	0
47.041	2	1	1	5331.51	0
47.081	2	1	1	5331.61	0
47.121	2	1	1	5331.71	0
47.161	2	1	1	5331.81	0
47.201	2	1	1	5331.91	0
47.241	2	1	1	5332.02	0
47.281	2	1	1	5332.13	0
47.321	2	1	1	5332.24	0
47.361	2	1	1	5332.35	0
47.401	2	1	1	5332.47	0
47.441	2	1	1	5332.6	0
47.481	2	1	1	5332.73	0
47.521	2	1	1	5332.86	0
47.561	2	1	1	5332.99	0
47.601	2	1	1	5333.13	0
47.641	2	1	1	5333.28	0
47.681	2	1	1	5333.43	0
47.721	2	1	1	5333.58	0
47.761	2	1	1	5333.74	0
47.801	2	1	1	5333.91	0
47.841	2	1	1	5334.08	0
47.881	2	1	1	5334.26	0
47.921	2	1	1	5334.45	0
47.961	2	1	1	5334.64	0
48.001	2	1	1	5334.85	0
48.041	2	1	1	5335.06	0
48.081	2	1	1	5335.28	0
48.121	2	1	1	5335.5	0
48.161	2	1	1	5335.74	0
48.201	2	1	1	5335.99	0
48.241	2	1	1	5336.25	0
48.281	2	1	1	5336.52	0
48.321	2	1	1	5336.81	0
48.361	2	1	1	5337.1	0
48.401	2	1	1	5337.42	0
48.441	2	1	1	5337.75	0
48.481	2	1	1	5338.09	0
48.521	2	1	1	5338.46	0
48.561	2	1	1	5338.85	0
48.601	2	1	1	5339.25	0
48.641	2	1	1	5339.69	0
48.681	2	1	1	5340.15	0
48.721	2	1	1	5340.63	0
48.761	2	1	1	5341.15	0
48.801	2	1	1	5341.71	0
48.841	2	1	1	5342.3	0
48.881	2	1	1	5342.93	0
48.921	2	1	1	5343.61	0
48.961	2	1	1	5344.34	0
49.001	2	1	1	5345.14	0
49.041	2	1	1	5345.99	0
49.081	2	1	1	5346.93	0
49.121	2	1	1	5347.95	0
49.161	2	1	1	5349.06	0
49.201	2	1	1	5350.29	0
49.241	2	1	1	5351.64	0
49.281	2	1	1	5353.15	0
49.321	2	1	1	5354.83	0
49.361	2	1	1	5356.73	0
49.401	2	1	1	5358.88	0
49.441	2	1	1	5361.34	0
49.481	2	1	1	5364.17	0
49.521	2	1	1	5367.48	0
49.561	2	1	1	5371.39	0
49.601	2	1	1	5376.09	0
49.641	2	1	1	5381.84	0
49.681	2	1	1	5389.03	0
49.721	2	1	1	5398.28	0
49.761	2	1	1	5410.64	0
49.801	2	1	1	5427.97	0
49.841	2	1	1	5454.05	0
49.881	2	1	1	5497.71	0
49.921	2	1	1	5585.81	0
49.961	2	1	1	5856.52	0
50.001	2	1	1	781996	0
50.041	2	1	1	4827.88	0
50.081	2	1	1	5072.15	0
50.121	2	1	1	5155.35	0
50.161	2	1	1	5197.3	0
50.201	2	1	1	5222.58	0
50.241	2	1	1	5239.48	0
50.281	2	1	1	5251.58	0
50.321	2	1	1	5260.66	0
50.361	2	1	1	5267.74	0
50.401	2	1	1	5273.4	0
50.441	2	1	1	5278.04	0
50.481	2	1	1	5281.91	0
50.521	2	1	1	5285.18	0
50.561	2	1	1	5287.99	0
50.601	2	1	1	5290.42	0
50.641	2	1	1	5292.55	0
50.681	2	1	1	5294.43	0
50.721	2	1	1	5296.1	0
50.761	2	1	1	5297.6	0
50.801	2	1	1	5298.94	0
50.841	2	1	1	5300.16	0
50.881	2	1	1	5301.27	0
50.921	2	1	1	5302.28	0
50.961	2	1	1	5303.21	0
51.001	2	1	1	5304.06	0
51.041	2	1	1	5304.85	0
51.081	2	1	1	5305.58	0
51.121	2	1	1	5306.26	0
51.161	2	1	1	5306.89	0
51.201	2	1	1	5307.48	0
51.241	2	1	1	5308.03	0
51.281	2	1	1	5308.54	0
51.321	2	1	1	5309.03	0
51.361	2	1	1	5309.48	0
51.401	2	1	1	5309.92	0
51.441	2	1	1	5310.32	0
51.481	2	1	1	5310.71	0
51.521	2	1	1	5311.07	0
51.561	2	1	1	5311.42	0
51.601	2	1	1	5311.75	0
51.641	2	1	1	5312.06	0
51.681	2	1	1	5312.36	0
51.721	2	1	1	5312.64	0
51.761	2	1	1	5312.91	0
51.801	2	1	1	5313.17	0
51.841	2	1	1	5313.42	0
51.881	2	1	1	5313.65	0
51.921	2	1	1	5313.88	0
51.961	2	1	1	5314.1	0
52.001	2	1	1	5314.31	0
52.041	2	1	1	5314.51	0
52.081	2	1	1	5314.7	0
52.121	2	1	1	5314.89	0
52.161	2	1	1	5315.07	0
52.201	2	1	1	5315.24	0
52.241	2	1	1	5315.41	0
52.281	2	1	1	5315.57	0
52.321	2	1	1	5315.72	0
52.361	2	1	1	5315.87	0
52.401	2	1	1	5316.02	0
52.441	2	1	1	5316.16	0
52.481	2	1	1	5316.29	0
52.521	2	1	1	5316.43	0
52.561	2	1	1	5316.55	0
52.601	2	1	1	5316.68	0
52.641	2	1	1	5316.8	0
52.681	2	1	1	5316.91	0
52.721	2	1	1	5317.02	0
52.761	2	1	1	5317.13	0
52.801	2	1	1	5317.24	0
52.841	2	1	1	5317.34	0
52.881	2	1	1	5317.44	0
52.921	2	1	1	5317.54	0
52.961	2	1	1	5317.64	0
53.001	2	1	1	5317.73	0
53.041	2	1	1	5317.82	0
53.081	2	1	1	5317.91	0
53.121	2	1	1	5317.99	0
53.161	2	1	1	5318.07	0
53.201	2	1	1	5318.16	0
53.241	2	1	1	5318.23	0
53.281	2	1	1	5318.31	0
53.321	2	1	1	5318.39	0
53.361	2	1	1	5318.46	0
53.401	2	1	1	5318.53	0
53.441	2	1	1	5318.6	0
53.481	2	1	1	5318.67	0
53.521	2	1	1	5318.74	0
53.561	2	1	1	5318.8	0
53.601	2	1	1	5318.87	0
53.641	2	1	1	5318.93	0
53.681	2	1	1	5318.99	0
53.721	2	1	1	5319.05	0
53.761	2	1	1	5319.11	0
53.801	2	1	1	5319.17	0
53.841	2	1	1	5319.22	0
53.881	2	1	1	5319.28	0
53.921	2	1	1	5319.33	0
53.961	2	1	1	5319.39	0
54.001	2	1	1	5319.44	0
54.041	2	1	1	5319.49	0
54.081	2	1	1	5319.54	0
54.121	2	1	1	5319.59	0
54.161	2	1	1	5319.64	0
54.201	2	1	1	5319.68	0
54.241	2	1	1	5319.73	0
54.281	2	1	1	5319.77	0
54.321	2	1	1	5319.82	0
54.361	2	1	1	5319.86	0
54.401	2	1	1	5319.9	0
54.441	2	1	1	5319.95	0
54.481	2	1	1	5319.99	0
54.521	2	1	1	5320.03	0
54.561	2	1	1	5320.07	0
54.601	2	1	1	5320.11	0
54.641	2	1	1	5320.15	0
54.681	2	1	1	5320.18	0
54.721	2	1	1	5320.22	0
54.761	2	1	1	5320.26	0
54.801	2	1	1	5320.29	0
54.841	2	1	1	5320.33	0
54.881	2	1	1	5320.36	0
54.921	2	1	1	5320.4	0
54.961	2	1	1	5320.43	0
55.001	2	1	1	5320.46	0
55.041	2	1	1	5320.5	0
55.081	2	1	1	5320.53	0
55.121	2	1	1	5320.56	0
55.161	2	1	1	5320.59	0
55.201	2	1	1	5320.62	0
55.241	2	1	1	5320.65	0
55.281	2	1	1	5320.68	0
55.321	2	1	1	5320.71	0
55.361	2	1	1	5320.74	0
55.401	2	1	1	5320.77	0
55.441	2	1	1	5320.8	0
55.481	2	1	1	5320.82	0
55.521	2	1	1	5320.85	0
55.561	2	1	1	5320.88	0
55.601	2	1	1	5320.9	0
55.641	2	1	1	5320.93	0
55.681	2	1	1	5320.96	0
55.721	2	1	1	5320.98	0
55.761	2	1	1	5321.01	0
55.801	2	1	1	5321.03	0
55.841	2	1	1	5321.05	0
55.881	2	1	1	5321.08	0
55.921	2	1	1	5321.1	0
55.961	2	1	1	5321.13	0
56.001	2	1	1	5321.15	0
56.041	2	1	1	5321.17	0
56.081	2	1	1	5321.19	0
56.121	2	1	1	5321.22	0
56.161	2	1	1	5321.24	0
56.201	2	1	1	5321.26	0
56.241	2	1	1	5321.28	0
56.281	2	1	1	5321.3	0
56.321	2	1	1	5321.32	0
56.361	2	1	1	5321.34	0
56.401	2	1	1	5321.36	0
56.441	2	1	1	5321.38	0
56.481	2	1	1	5321.4	0
56.521	2	1	1	5321.42	0
56.561	2	1	1	5321.44	0
56.601	2	1	1	5321.46	0
56.641	2	1	1	5321.48	0
56.681	2	1	1	5321.5	0
56.721	2	1	1	5321.52	0
56.761	2	1	1	5321.53	0
56.801	2	1	1	5321.55	0
56.841	2	1	1	5321.57	0
56.881	2	1	1	5321.59	0
56.921	2	1	1	5321.6	0
56.961	2	1	1	5321.62	0
57.001	2	1	1	5321.64	0
57.041	2	1	1	5321.65	0
57.081	2	1	1	5321.67	0
57.121	2	1	1	5321.69	0
57.161	2	1	1	5321.7	0
57.201	2	1	1	5321.72	0
57.241	2	1	1	5321.73	0
57.281	2	1	1	5321.75	0
57.321	2	1	1	5321.77	0
57.361	2	1	1	5321.78	0
57.401	2	1	1	5321.8	0
57.441	2	1	1	5321.81	0
57.481	2	1	1	5321.83	0
57.521	2	1	1	5321.84	0
57.561	2	1	1	5321.85	0
57.601	2	1	1	5321.87	0
57.641	2	1	1	5321.88	0
57.681	2	1	1	5321.9	0
57.721	2	1	1	5321.91	0
57.761	2	1	1	5321.92	0
57.801	2	1	1	5321.94	0
57.841	2	1	1	5321.95	0
57.881	2	1	1	5321.96	0
57.921	2	1	1	5321.98	0
57.961	2	1	1	5321.99	0
58.001	2	1	1	5322	0
58.041	2	1	1	5322.02	0
58.081	2	1	1	5322.03	0
58.121	2	1	1	5322.04	0
58.161	2	1	1	5322.05	0
58.201	2	1	1	5322.07	0
58.241	2	1	1	5322.08	0
58.281	2	1	1	5322.09	0
58.321	2	1	1	5322.1	0
58.361	2	1	1	5322.11	0
58.401	2	1	1	5322.13	0
58.441	2	1	1	5322.14	0
58.481	2	1	1	5322.15	0
58.521	2	1	1	5322.16	0
58.561	2	1	1	5322.17	0
58.601	2	1	1	5322.18	0
58.641	2	1	1	5322.19	0
58.681	2	1	1	5322.2	0
58.721	2	1	1	5322.22	0
58.761	2	1	1	5322.23	0
58.801	2	1	1	5322.24	0
58.841	2	1	1	5322.25	0
58.881	2	1	1	5322.26	0
58.921	2	1	1	5322.27	0
58.961	2	1	1	5322.28	0
59.001	2	1	1	5322.29	0
59.041	2	1	1	5322.3	0
59.081	2	1	1	5322.31	0
59.121	2	1	1	5322.32	0
59.161	2	1	1	5322.33	0
59.201	2	1	1	5322.34	0
59.241	2	1	1	5322.35	0
59.281	2	1	1	5322.36	0
59.321	2	1	1	5322.37	0
59.361	2	1	1	5322.38	0
59.401	2	1	1	5322.39	0
59.441	2	1	1	5322.4	0
59.481	2	1	1	5322.4	0
59.521	2	1	1	5322.41	0
59.561	2	1	1	5322.42	0
59.601	2	1	1	5322.43	0
59.641	2	1	1	5322.44	0
59.681	2	1	1	5322.45	0
59.721	2	1	1	5322.46	0
59.761	2	1	1	5322.47	0
59.801	2	1	1	5322.48	0
59.841	2	1	1	5322.48	0
59.881	2	1	1	5322.49	0
59.921	2	1	1	5322.5	0
59.961	2	1	1	5322.51	0
60.001	2	1	1	5322.52	0
60.041	2	1	1	5322.53	0
60.081	2	1	1	5322.53	0
60.121	2	1	1	5322.54	0
60.161	2	1	1	5322.55	0
60.201	2	1	1	5322.56	0
60.241	2	1	1	5322.57	0
60.281	2	1	1	5322.57	0
60.321	2	1	1	5322.58	0
60.361	2	1	1	5322.59	0
60.401	2	1	1	5322.6	0
60.441	2	1	1	5322.6	0
60.481	2	1	1	5322.61	0
60.521	2	1	1	5322.62	0
60.561	2	1	1	5322.63	0
60.601	2	1	1	5322.63	0
60.641	2	1	1	5322.64	0
60.681	2	1	1	5322.65	0
60.721	2	1	1	5322.66	0
60.761	2	1	1	5322.66	0
60.801	2	1	1	5322.67	0
60.841	2	1	1	5322.68	0
60.881	2	1	1	5322.68	0
60.921	2	1	1	5322.69	0
60.961	2	1	1	5322.7	0
61.001	2	1	1	5322.7	0
61.041	2	1	1	5322.71	0
61.081	2	1	1	5322.72	0
61.121	2	1	1	5322.72	0
61.161	2	1	1	5322.73	0
61.201	2	1	1	5322.74	0
61.241	2	1	1	5322.74	0
61.281	2	1	1	5322.75	0
61.321	2	1	1	5322.76	0
61.361	2	1	1	5322.76	0
61.401	2	1	1	5322.77	0
61.441	2	1	1	5322.78	0
61.481	2	1	1	5322.78	0
61.521	2	1	1	5322.79	0
61.561	2	1	1	5322.79	0
61.601	2	1	1	5322.8	0
61.641	2	1	1	5322.81	0
61.681	2	1	1	5322.81	0
61.721	2	1	1	5322.82	0
61.761	2	1	1	5322.82	0
61.801	2	1	1	5322.83	0
61.841	2	1	1	5322.84	0
61.881	2	1	1	5322.84	0
61.921	2	1	1	5322.85	0
61.961	2	1	1	5322.85	0
62.001	2	1	1	5322.86	0
62.041	2	1	1	5322.87	0
62.081	2	1	1	5322.87	0
62.121	2	1	1	5322.88	0
62.161	2	1	1	5322.88	0
62.201	2	1	1	5322.89	0
62.241	2	1	1	5322.89	0
62.281	2	1	1	5322.9	0
62.321	2	1	1	5322.9	0
62.361	2	1	1	5322.91	0
62.401	2	1	1	5322.91	0
62.441	2	1	1	5322.92	0
62.481	2	1	1	5322.93	0
62.521	2	1	1	5322.93	0
62.561	2	1	1	5322.94	0
62.601	2	1	1	5322.94	0
62.641	2	1	1	5322.95	0
62.681	2	1	1	5322.95	0
62.721	2	1	1	5322.96	0
62.761	2	1	1	5322.96	0
62.801	2	1	1	5322.97	0
62.841	2	1	1	5322.97	0
62.881	2	1	1	5322.98	0
62.921	2	1	1	5322.98	0
62.961	2	1	1	5322.99	0
63.001	2	1	1	5322.99	0
63.041	2	1	1	5323	0
63.081	2	1	1	5323	0
63.121	2	1	1	5323.01	0
63.161	2	1	1	5323.01	0
63.201	2	1	1	5323.01	0
63.241	2	1	1	5323.02	0
63.281	2	1	1	5323.02	0
63.321	2	1	1	5323.03	0
63.361	2	1	1	5323.03	0
63.401	2	1	1	5323.04	0
63.441	2	1	1	5323.04	0
63.481	2	1	1	5323.05	0
63.521	2	1	1	5323.05	0
63.561	2	1	1	5323.06	0
63.601	2	1	1	5323.06	0
63.641	2	1	1	5323.07	0
63.681	2	1	1	5323.07	0
63.721	2	1	1	5323.07	0
63.761	2	1	1	5323.08	0
63.801	2	1	1	5323.08	0
63.841	2	1	1	5323.09	0
63.881	2	1	1	5323.09	0
63.921	2	1	1	5323.1	0
63.961	2	1	1	5323.1	0
64.001	2	1	1	5323.1	0
64.041	2	1	1	5323.11	0
64.081	2	1	1	5323.11	0
64.121	2	1	1	5323.12	0
64.161	2	1	1	5323.12	0
64.201	2	1	1	5323.12	0
64.241	2	1	1	5323.13	0
64.281	2	1	1	5323.13	0
64.321	2	1	1	5323.14	0
64.361	2	1	1	5323.14	0
64.401	2	1	1	5323.14	0
64.441	2	1	1	5323.15	0
64.481	2	1	1	5323.15	0
64.521	2	1	1	5323.16	0
64.561	2	1	1	5323.16	0
64.601	2	1	1	5323.16	0
64.641	2	1	1	5323.17	0
64.681	2	1	1	5323.17	0
64.721	2	1	1	5323.18	0
64.761	2	1	1	5323.18	0
64.801	2	1	1	5323.18	0
64.841	2	1	1	5323.19	0
64.881	2	1	1	5323.19	0
64.921	2	1	1	5323.19	0
64.961	2	1	1	5323.2	0
65.001	2	1	1	5323.2	0
65.041	2	1	1	5323.21	0
65.081	2	1	1	5323.21	0
65.121	2	1	1	5323.21	0
65.161	2	1	1	5323.22	0
65.201	2	1	1	5323.22	0
65.241	2	1	1	5323.22	0
65.281	2	1	1	5323.23	0
65.321	2	1	1	5323.23	0
65.361	2	1	1	5323.23	0
65.401	2	1	1	5323.24	0
65.441	2	1	1	5323.24	0
65.481	2	1	1	5323.24	0
65.521	2	1	1	5323.25	0
65.561	2	1	1	5323.25	0
65.601	2	1	1	5323.25	0
65.641	2	1	1	5323.26	0
65.681	2	1	1	5323.26	0
65.721	2	1	1	5323.26	0
65.761	2	1	1	5323.27	0
65.801	2	1	1	5323.27	0
65.841	2	1	1	5323.27	0
65.881	2	1	1	5323.28	0
65.921	2	1	1	5307.59	0
65.961	2	1	1	5281.03	0
66.001	2	1	1	5254.65	0
66.041	2	1	1	5228.48	0
66.081	2	1	1	5202.5	0
66.121	2	1	1	5176.72	0
66.161	2	1	1	5151.12	0
66.201	2	1	1	5125.72	0
66.241	2	1	1	5100.5	0
66.281	2	1	1	5075.47	0
66.321	2	1	1	5050.62	0
66.361	2	1	1	5025.96	0
66.401	2	1	1	5001.47	0
66.441	2	1	1	4977.16	0
66.481	2	1	1	4953.03	0
66.521	2	1	1	4929.08	0
66.561	2	1	1	4905.3	0
66.601	2	1	1	4881.69	0
66.641	2	1	1	4858.25	0
66.681	2	1	1	4834.97	0
66.721	2	1	1	4811.87	0
66.761	2	1	1	4788.93	0
66.801	2	1	1	4766.15	0
66.841	2	1	1	4743.54	0
66.881	2	1	1	4721.09	0
66.921	2	1	1	4698.79	0
66.961	2	1	1	4676.65	0
67.001	2	1	1	4654.67	0
67.041	2	1	1	4632.85	0
67.081	2	1	1	4611.17	0
67.121	2	1	1	4589.65	0
67.161	2	1	1	4568.28	0
67.201	2	1	1	4547.06	0
67.241	2	1	1	4525.99	0
67.281	2	1	1	4505.06	0
67.321	2	1	1	4484.27	0
67.361	2	1	1	4463.63	0
67.401	2	1	1	4443.14	0
67.441	2	1	1	4422.78	0
67.481	2	1	1	4402.56	0
67.521	2	1	1	4382.48	0
67.561	2	1	1	4362.54	0
67.601	2	1	1	4342.74	0
67.641	2	1	1	4323.06	0
67.681	2	1	1	4303.53	0
67.721	2	1	1	4284.12	0
67.761	2	1	1	4264.84	0
67.801	2	1	1	4245.7	0
67.841	2	1	1	4226.68	0
67.881	2	1	1	4207.79	0
67.921	2	1	1	4189.03	0
67.961	2	1	1	4170.39	0
68.001	2	1	1	4151.88	0
68.041	2	1	1	4133.49	0
68.081	2	1	1	4115.22	0
68.121	2	1	1	4097.07	0
68.161	2	1	1	4079.04	0
68.201	2	1	1	4061.14	0
68.241	2	1	1	4043.34	0
68.281	2	1	1	4025.67	0
68.321	2	1	1	4008.11	0
68.361	2	1	1	3990.67	0
68.401	2	1	1	3973.33	0
68.441	2	1	1	3956.12	0
68.481	2	1	1	3939.01	0
68.521	2	1	1	3922.01	0
68.561	2	1	1	3905.13	0
68.601	2	1	1	3888.35	0
68.641	2	1	1	3871.68	0
68.681	2	1	1	3855.12	0
68.721	2	1	1	3838.66	0
68.761	2	1	1	3822.31	0
68.801	2	1	1	3806.06	0
68.841	2	1	1	3789.92	0
68.881	2	1	1	3773.88	0
68.921	2	1	1	3757.94	0
68.961	2	1	1	3742.1	0
69.001	2	1	1	3726.36	0
69.041	2	1	1	3710.72	0
69.081	2	1	1	3695.18	0
69.121	2	1	1	3679.74	0
69.161	2	1	1	3664.39	0
69.201	2	1	1	3649.14	0
69.241	2	1	1	3633.98	0
69.281	2	1	1	3618.92	0
69.321	2	1	1	3603.95	0
69.361	2	1	1	3589.07	0
69.401	2	1	1	3574.29	0
69.441	2	1	1	3559.59	0
69.481	2	1	1	3544.99	0
69.521	2	1	1	3530.48	0
69.561	2	1	1	3516.05	0
69.601	2	1	1	3501.72	0
69.641	2	1	1	3487.47	0
69.681	2	1	1	3473.31	0
69.721	2	1	1	3459.23	0
69.761	2	1	1	3445.24	0
69.801	2	1	1	3431.34	0
69.841	2	1	1	3417.52	0
69.881	2	1	1	3403.78	0
69.921	2	1	1	3390.12	0
69.961	2	1	1	3376.55	0
70.001	2	1	1	3363.06	0
70.041	2	1	1	3349.65	0
70.081	2	1	1	3336.31	0
70.121	2	1	1	3323.06	0
70.161	2	1	1	3309.89	0
70.201	2	1	1	3296.79	0
70.241	2	1	1	3283.78	0
70.281	2	1	1	3270.84	0
70.321	2	1	1	3257.97	0
70.361	2	1	1	3245.18	0
70.401	2	1	1	3232.47	0
70.441	2	1	1	3219.83	0
70.481	2	1	1	3207.27	0
70.521	2	1	1	3194.78	0
70.561	2	1	1	3182.36	0
70.601	2	1	1	3170.01	0
70.641	2	1	1	3157.74	0
70.681	2	1	1	3145.53	0
70.721	2	1	1	3133.4	0
70.761	2	1	1	3121.34	0
70.801	2	1	1	3109.35	0
70.841	2	1	1	3097.42	0
70.881	2	1	1	3085.57	0
70.921	2	1	1	3073.78	0
70.961	2	1	1	3062.06	0
71.001	2	1	1	3050.41	0
71.041	2	1	1	3038.82	0
71.081	2	1	1	3027.3	0
71.121	2	1	1	3015.84	0
71.161	2	1	1	3004.45	0
71.201	2	1	1	2993.12	0
71.241	2	1	1	2981.86	0
71.281	2	1	1	2970.66	0
71.321	2	1	1	2959.53	0
71.361	2	1	1	2948.45	0
71.401	2	1	1	2937.44	0
71.441	2	1	1	2926.49	0
71.481	2	1	1	2915.6	0
71.521	2	1	1	2904.78	0
71.561	2	1	1	2894.01	0
71.601	2	1	1	2883.3	0
71.641	2	1	1	2872.65	0
71.681	2	1	1	2862.06	0
71.721	2	1	1	2851.53	0
71.761	2	1	1	2841.06	0
71.801	2	1	1	2830.64	0
71.841	2	1	1	2820.28	0
71.881	2	1	1	2809.98	0
71.921	2	1	1	2799.73	0
71.961	2	1	1	2789.54	0
72.001	2	1	1	2779.41	0
72.041	2	1	1	2769.33	0
72.081	2	1	1	2759.31	0
72.121	2	1	1	2749.34	0
72.161	2	1	1	2739.42	0
72.201	2	1	1	2729.56	0
72.241	2	1	1	2719.75	0
72.281	2	1	1	2709.99	0
72.321	2	1	1	2700.29	0
72.361	2	1	1	2690.64	0
72.401	2	1	1	2681.04	0
72.441	2	1	1	2671.49	0
72.481	2	1	1	2661.99	0
72.521	2	1	1	2652.54	0
72.561	2	1	1	2643.14	0
72.601	2	1	1	2633.8	0
72.641	2	1	1	2624.5	0
72.681	2	1	1	2615.25	0
72.721	2	1	1	2606.05	0
72.761	2	1	1	2596.9	0
72.801	2	1	1	2587.79	0
72.841	2	1	1	2578.74	0
72.881	2	1	1	2569.73	0
72.921	2	1	1	2560.77	0
72.961	2	1	1	2551.85	0
73.001	2	1	1	2542.99	0
73.041	2	1	1	2534.16	0
73.081	2	1	1	2525.39	0
73.121	2	1	1	2516.66	0
73.161	2	1	1	2507.97	0
73.201	2	1	1	2499.33	0
73.241	2	1	1	2490.74	0
73.281	2	1	1	2482.18	0
73.321	2	1	1	2473.68	0
73.361	2	1	1	2465.21	0
73.401	2	1	1	2456.79	0
73.441	2	1	1	2448.41	0
73.481	2	1	1	2440.08	0
73.521	2	1	1	2431.79	0
73.561	2	1	1	2423.54	0
73.601	2	1	1	2415.33	0
73.641	2	1	1	2407.16	0
73.681	2	1	1	2399.04	0
73.721	2	1	1	2390.95	0
73.761	2	1	1	2382.91	0
73.801	2	1	1	2374.91	0
73.841	2	1	1	2366.95	0
73.881	2	1	1	2359.02	0
73.921	2	1	1	2351.14	0
73.961	2	1	1	2343.3	0
74.001	2	1	1	2335.49	0
74.041	2	1	1	2327.73	0
74.081	2	1	1	2320	0
74.121	2	1	1	2312.31	0
74.161	2	1	1	2304.66	0
74.201	2	1	1	2297.05	0
74.241	2	1	1	2289.48	0
74.281	2	1	1	2281.94	0
74.321	2	1	1	2274.44	0
74.361	2	1	1	2266.98	0
74.401	2	1	1	2259.55	0
74.441	2	1	1	2252.16	0
74.481	2	1	1	2244.81	0
74.521	2	1	1	2237.49	0
74.561	2	1	1	2230.21	0
74.601	2	1	1	2222.96	0
74.641	2	1	1	2215.75	0
74.681	2	1	1	2208.57	0
74.721	2	1	1	2201.43	0
74.761	2	1	1	2194.32	0
74.801	2	1	1	2187.25	0
74.841	2	1	1	2180.21	0
74.881	2	1	1	2173.21	0
74.921	2	1	1	2166.24	0
74.961	2	1	1	2159.3	0
