% time	cellId	IMSI	RNTI	sinrLinear	componentCarrierId
0.041	1	1	1	2159.62	0
0.081	1	1	1	2166.56	0
0.121	1	1	1	2173.53	0
0.161	1	1	1	2180.54	0
0.201	1	1	1	2187.58	0
0.241	1	1	1	2194.65	0
0.281	1	1	1	2201.76	0
0.321	1	1	1	2208.9	0
0.361	1	1	1	2216.08	0
0.401	1	1	1	2223.3	0
0.441	1	1	1	2230.54	0
0.481	1	1	1	2237.83	0
0.521	1	1	1	2245.15	0
0.561	1	1	1	2252.5	0
0.601	1	1	1	2259.89	0
0.641	1	1	1	2267.32	0
0.681	1	1	1	2274.79	0
0.721	1	1	1	2282.29	0
0.761	1	1	1	2289.83	0
0.801	1	1	1	2297.4	0
0.841	1	1	1	2305.02	0
0.881	1	1	1	2312.67	0
0.921	1	1	1	2320.36	0
0.961	1	1	1	2328.09	0
1.001	1	1	1	2335.85	0
1.041	1	1	1	2343.66	0
1.081	1	1	1	2351.51	0
1.121	1	1	1	2359.39	0
1.161	1	1	1	2367.31	0
1.201	1	1	1	2375.28	0
1.241	1	1	1	2383.28	0
1.281	1	1	1	2391.33	0
1.321	1	1	1	2399.41	0
1.361	1	1	1	2407.54	0
1.401	1	1	1	2415.71	0
1.441	1	1	1	2423.92	0
1.481	1	1	1	2432.17	0
1.521	1	1	1	2440.47	0
1.561	1	1	1	2448.8	0
1.601	1	1	1	2457.18	0
1.641	1	1	1	2465.6	0
1.681	1	1	1	2474.07	0
1.721	1	1	1	2482.58	0
1.761	1	1	1	2491.13	0
1.801	1	1	1	2499.73	0
1.841	1	1	1	2508.37	0
1.881	1	1	1	2517.06	0
1.921	1	1	1	2525.79	0
1.961	1	1	1	2534.57	0
2.001	1	1	1	2543.4	0
2.041	1	1	1	2552.27	0
2.081	1	1	1	2561.18	0
2.121	1	1	1	2570.15	0
2.161	1	1	1	2579.16	0
2.201	1	1	1	2588.21	0
2.241	1	1	1	2597.32	0
2.281	1	1	1	2606.47	0
2.321	1	1	1	2615.68	0
2.361	1	1	1	2624.93	0
2.401	1	1	1	2634.23	0
2.441	1	1	1	2643.58	0
2.481	1	1	1	2652.98	0
2.521	1	1	1	2662.43	0
2.561	1	1	1	2671.93	0
2.601	1	1	1	2681.48	0
2.641	1	1	1	2691.08	0
2.681	1	1	1	2700.74	0
2.721	1	1	1	2710.44	0
2.761	1	1	1	2720.2	0
2.801	1	1	1	2730.01	0
2.841	1	1	1	2739.88	0
2.881	1	1	1	2749.8	0
2.921	1	1	1	2759.77	0
2.961	1	1	1	2769.8	0
3.001	1	1	1	2779.88	0
3.041	1	1	1	2790.02	0
3.081	1	1	1	2800.21	0
3.121	1	1	1	2810.46	0
3.161	1	1	1	2820.76	0
3.201	1	1	1	2831.12	0
3.241	1	1	1	2841.54	0
3.281	1	1	1	2852.02	0
3.321	1	1	1	2862.55	0
3.361	1	1	1	2873.14	0
3.401	1	1	1	2883.8	0
3.441	1	1	1	2894.51	0
3.481	1	1	1	2905.28	0
3.521	1	1	1	2916.11	0
3.561	1	1	1	2927	0
3.601	1	1	1	2937.95	0
3.641	1	1	1	2948.97	0
3.681	1	1	1	2960.04	0
3.721	1	1	1	2971.18	0
3.761	1	1	1	2982.38	0
3.801	1	1	1	2993.65	0
3.841	1	1	1	3004.98	0
3.881	1	1	1	3016.37	0
3.921	1	1	1	3027.83	0
3.961	1	1	1	3039.35	0
4.001	1	1	1	3050.94	0
4.041	1	1	1	3062.6	0
4.081	1	1	1	3074.32	0
4.121	1	1	1	3086.12	0
4.161	1	1	1	3097.97	0
4.201	1	1	1	3109.9	0
4.241	1	1	1	3121.9	0
4.281	1	1	1	3133.96	0
4.321	1	1	1	3146.1	0
4.361	1	1	1	3158.31	0
4.401	1	1	1	3170.58	0
4.441	1	1	1	3182.93	0
4.481	1	1	1	3195.36	0
4.521	1	1	1	3207.85	0
4.561	1	1	1	3220.42	0
4.601	1	1	1	3233.06	0
4.641	1	1	1	3245.78	0
4.681	1	1	1	3258.57	0
4.721	1	1	1	3271.44	0
4.761	1	1	1	3284.38	0
4.801	1	1	1	3297.4	0
4.841	1	1	1	3310.5	0
4.881	1	1	1	3323.68	0
4.921	1	1	1	3336.93	0
4.961	1	1	1	3350.27	0
5.001	1	1	1	3363.68	0
5.041	1	1	1	3377.18	0
5.081	1	1	1	3390.75	0
5.121	1	1	1	3404.41	0
5.161	1	1	1	3418.16	0
5.201	1	1	1	3431.98	0
5.241	1	1	1	3445.89	0
5.281	1	1	1	3459.88	0
5.321	1	1	1	3473.96	0
5.361	1	1	1	3488.13	0
5.401	1	1	1	3502.38	0
5.441	1	1	1	3516.72	0
5.481	1	1	1	3531.15	0
5.521	1	1	1	3545.67	0
5.561	1	1	1	3560.27	0
5.601	1	1	1	3574.97	0
5.641	1	1	1	3589.76	0
5.681	1	1	1	3604.64	0
5.721	1	1	1	3619.61	0
5.761	1	1	1	3634.68	0
5.801	1	1	1	3649.84	0
5.841	1	1	1	3665.1	0
5.881	1	1	1	3680.45	0
5.921	1	1	1	3695.9	0
5.961	1	1	1	3711.44	0
6.001	1	1	1	3727.09	0
6.041	1	1	1	3742.83	0
6.081	1	1	1	3758.68	0
6.121	1	1	1	3774.62	0
6.161	1	1	1	3790.67	0
6.201	1	1	1	3806.81	0
6.241	1	1	1	3823.07	0
6.281	1	1	1	3839.42	0
6.321	1	1	1	3855.88	0
6.361	1	1	1	3872.45	0
6.401	1	1	1	3889.13	0
6.441	1	1	1	3905.91	0
6.481	1	1	1	3922.8	0
6.521	1	1	1	3939.8	0
6.561	1	1	1	3956.91	0
6.601	1	1	1	3974.14	0
6.641	1	1	1	3991.47	0
6.681	1	1	1	4008.92	0
6.721	1	1	1	4026.49	0
6.761	1	1	1	4044.17	0
6.801	1	1	1	4061.96	0
6.841	1	1	1	4079.88	0
6.881	1	1	1	4097.91	0
6.921	1	1	1	4116.07	0
6.961	1	1	1	4134.34	0
7.001	1	1	1	4152.74	0
7.041	1	1	1	4171.26	0
7.081	1	1	1	4189.9	0
7.121	1	1	1	4208.67	0
7.161	1	1	1	4227.56	0
7.201	1	1	1	4246.59	0
7.241	1	1	1	4265.74	0
7.281	1	1	1	4285.02	0
7.321	1	1	1	4304.43	0
7.361	1	1	1	4323.97	0
7.401	1	1	1	4343.65	0
7.441	1	1	1	4363.46	0
7.481	1	1	1	4383.41	0
7.521	1	1	1	4403.5	0
7.561	1	1	1	4423.72	0
7.601	1	1	1	4444.09	0
7.641	1	1	1	4464.59	0
7.681	1	1	1	4485.24	0
7.721	1	1	1	4506.03	0
7.761	1	1	1	4526.96	0
7.801	1	1	1	4548.04	0
7.841	1	1	1	4569.27	0
7.881	1	1	1	4590.65	0
7.921	1	1	1	4612.18	0
7.961	1	1	1	4633.86	0
8.001	1	1	1	4655.69	0
8.041	1	1	1	4677.68	0
8.081	1	1	1	4699.82	0
8.121	1	1	1	4722.12	0
8.161	1	1	1	4744.59	0
8.201	1	1	1	4767.21	0
8.241	1	1	1	4789.99	0
8.281	1	1	1	4812.94	0
8.321	1	1	1	4836.05	0
8.361	1	1	1	4859.33	0
8.401	1	1	1	4882.78	0
8.441	1	1	1	4906.4	0
8.481	1	1	1	4930.19	0
8.521	1	1	1	4954.15	0
8.561	1	1	1	4978.29	0
8.601	1	1	1	5002.6	0
8.641	1	1	1	5027.1	0
8.681	1	1	1	5051.77	0
8.721	1	1	1	5076.63	0
8.761	1	1	1	5101.67	0
8.801	1	1	1	5126.89	0
8.841	1	1	1	5152.31	0
8.881	1	1	1	5177.91	0
8.921	1	1	1	5203.7	0
8.961	1	1	1	5229.69	0
9.001	1	1	1	5255.87	0
9.041	1	1	1	5282.25	0
9.081	1	1	1	5308.83	0
9.121	1	1	1	5325.86	0
9.161	1	1	1	5325.87	0
9.201	1	1	1	5325.87	0
9.241	1	1	1	5325.87	0
9.281	1	1	1	5325.88	0
9.321	1	1	1	5325.88	0
9.361	1	1	1	5325.88	0
9.401	1	1	1	5325.89	0
9.441	1	1	1	5325.89	0
9.481	1	1	1	5325.89	0
9.521	1	1	1	5325.9	0
9.561	1	1	1	5325.9	0
9.601	1	1	1	5325.9	0
9.641	1	1	1	5325.91	0
9.681	1	1	1	5325.91	0
9.721	1	1	1	5325.91	0
9.761	1	1	1	5325.92	0
9.801	1	1	1	5325.92	0
9.841	1	1	1	5325.93	0
9.881	1	1	1	5325.93	0
9.921	1	1	1	5325.93	0
9.961	1	1	1	5325.94	0
10.001	1	1	1	5325.94	0
10.041	1	1	1	5325.94	0
10.081	1	1	1	5325.95	0
10.121	1	1	1	5325.95	0
10.161	1	1	1	5325.95	0
10.201	1	1	1	5325.96	0
10.241	1	1	1	5325.96	0
10.281	1	1	1	5325.97	0
10.321	1	1	1	5325.97	0
10.361	1	1	1	5325.97	0
10.401	1	1	1	5325.98	0
10.441	1	1	1	5325.98	0
10.481	1	1	1	5325.99	0
10.521	1	1	1	5325.99	0
10.561	1	1	1	5325.99	0
10.601	1	1	1	5326	0
10.641	1	1	1	5326	0
10.681	1	1	1	5326.01	0
10.721	1	1	1	5326.01	0
10.761	1	1	1	5326.01	0
10.801	1	1	1	5326.02	0
10.841	1	1	1	5326.02	0
10.881	1	1	1	5326.03	0
10.921	1	1	1	5326.03	0
10.961	1	1	1	5326.03	0
11.001	1	1	1	5326.04	0
11.041	1	1	1	5326.04	0
11.081	1	1	1	5326.05	0
11.121	1	1	1	5326.05	0
11.161	1	1	1	5326.05	0
11.201	1	1	1	5326.06	0
11.241	1	1	1	5326.06	0
11.281	1	1	1	5326.07	0
11.321	1	1	1	5326.07	0
11.361	1	1	1	5326.08	0
11.401	1	1	1	5326.08	0
11.441	1	1	1	5326.09	0
11.481	1	1	1	5326.09	0
11.521	1	1	1	5326.09	0
11.561	1	1	1	5326.1	0
11.601	1	1	1	5326.1	0
11.641	1	1	1	5326.11	0
11.681	1	1	1	5326.11	0
11.721	1	1	1	5326.12	0
11.761	1	1	1	5326.12	0
11.801	1	1	1	5326.13	0
11.841	1	1	1	5326.13	0
11.881	1	1	1	5326.14	0
11.921	1	1	1	5326.14	0
11.961	1	1	1	5326.15	0
12.001	1	1	1	5326.15	0
12.041	1	1	1	5326.16	0
12.081	1	1	1	5326.16	0
12.121	1	1	1	5326.17	0
12.161	1	1	1	5326.17	0
12.201	1	1	1	5326.18	0
12.241	1	1	1	5326.18	0
12.281	1	1	1	5326.19	0
12.321	1	1	1	5326.19	0
12.361	1	1	1	5326.2	0
12.401	1	1	1	5326.2	0
12.441	1	1	1	5326.21	0
12.481	1	1	1	5326.21	0
12.521	1	1	1	5326.22	0
12.561	1	1	1	5326.22	0
12.601	1	1	1	5326.23	0
12.641	1	1	1	5326.23	0
12.681	1	1	1	5326.24	0
12.721	1	1	1	5326.24	0
12.761	1	1	1	5326.25	0
12.801	1	1	1	5326.25	0
12.841	1	1	1	5326.26	0
12.881	1	1	1	5326.27	0
12.921	1	1	1	5326.27	0
12.961	1	1	1	5326.28	0
13.001	1	1	1	5326.28	0
13.041	1	1	1	5326.29	0
13.081	1	1	1	5326.29	0
13.121	1	1	1	5326.3	0
13.161	1	1	1	5326.31	0
13.201	1	1	1	5326.31	0
13.241	1	1	1	5326.32	0
13.281	1	1	1	5326.32	0
13.321	1	1	1	5326.33	0
13.361	1	1	1	5326.34	0
13.401	1	1	1	5326.34	0
13.441	1	1	1	5326.35	0
13.481	1	1	1	5326.35	0
13.521	1	1	1	5326.36	0
13.561	1	1	1	5326.37	0
13.601	1	1	1	5326.37	0
13.641	1	1	1	5326.38	0
13.681	1	1	1	5326.39	0
13.721	1	1	1	5326.39	0
13.761	1	1	1	5326.4	0
13.801	1	1	1	5326.4	0
13.841	1	1	1	5326.41	0
13.881	1	1	1	5326.42	0
13.921	1	1	1	5326.42	0
13.961	1	1	1	5326.43	0
14.001	1	1	1	5326.44	0
14.041	1	1	1	5326.44	0
14.081	1	1	1	5326.45	0
14.121	1	1	1	5326.46	0
14.161	1	1	1	5326.47	0
14.201	1	1	1	5326.47	0
14.241	1	1	1	5326.48	0
14.281	1	1	1	5326.49	0
14.321	1	1	1	5326.49	0
14.361	1	1	1	5326.5	0
14.401	1	1	1	5326.51	0
14.441	1	1	1	5326.52	0
14.481	1	1	1	5326.52	0
14.521	1	1	1	5326.53	0
14.561	1	1	1	5326.54	0
14.601	1	1	1	5326.55	0
14.641	1	1	1	5326.55	0
14.681	1	1	1	5326.56	0
14.721	1	1	1	5326.57	0
14.761	1	1	1	5326.58	0
14.801	1	1	1	5326.58	0
14.841	1	1	1	5326.59	0
14.881	1	1	1	5326.6	0
14.921	1	1	1	5326.61	0
14.961	1	1	1	5326.62	0
15.001	1	1	1	5326.62	0
15.041	1	1	1	5326.63	0
15.081	1	1	1	5326.64	0
15.121	1	1	1	5326.65	0
15.161	1	1	1	5326.66	0
15.201	1	1	1	5326.67	0
15.241	1	1	1	5326.68	0
15.281	1	1	1	5326.68	0
15.321	1	1	1	5326.69	0
15.361	1	1	1	5326.7	0
15.401	1	1	1	5326.71	0
15.441	1	1	1	5326.72	0
15.481	1	1	1	5326.73	0
15.521	1	1	1	5326.74	0
15.561	1	1	1	5326.75	0
15.601	1	1	1	5326.76	0
15.641	1	1	1	5326.77	0
15.681	1	1	1	5326.77	0
15.721	1	1	1	5326.78	0
15.761	1	1	1	5326.79	0
15.801	1	1	1	5326.8	0
15.841	1	1	1	5326.81	0
15.881	1	1	1	5326.82	0
15.921	1	1	1	5326.83	0
15.961	1	1	1	5326.84	0
16.001	1	1	1	5326.85	0
16.041	1	1	1	5326.86	0
16.081	1	1	1	5326.87	0
16.121	1	1	1	5326.88	0
16.161	1	1	1	5326.89	0
16.201	1	1	1	5326.9	0
16.241	1	1	1	5326.92	0
16.281	1	1	1	5326.93	0
16.321	1	1	1	5326.94	0
16.361	1	1	1	5326.95	0
16.401	1	1	1	5326.96	0
16.441	1	1	1	5326.97	0
16.481	1	1	1	5326.98	0
16.521	1	1	1	5326.99	0
16.561	1	1	1	5327	0
16.601	1	1	1	5327.02	0
16.641	1	1	1	5327.03	0
16.681	1	1	1	5327.04	0
16.721	1	1	1	5327.05	0
16.761	1	1	1	5327.06	0
16.801	1	1	1	5327.08	0
16.841	1	1	1	5327.09	0
16.881	1	1	1	5327.1	0
16.921	1	1	1	5327.11	0
16.961	1	1	1	5327.13	0
17.001	1	1	1	5327.14	0
17.041	1	1	1	5327.15	0
17.081	1	1	1	5327.16	0
17.121	1	1	1	5327.18	0
17.161	1	1	1	5327.19	0
17.201	1	1	1	5327.2	0
17.241	1	1	1	5327.22	0
17.281	1	1	1	5327.23	0
17.321	1	1	1	5327.25	0
17.361	1	1	1	5327.26	0
17.401	1	1	1	5327.27	0
17.441	1	1	1	5327.29	0
17.481	1	1	1	5327.3	0
17.521	1	1	1	5327.32	0
17.561	1	1	1	5327.33	0
17.601	1	1	1	5327.35	0
17.641	1	1	1	5327.36	0
17.681	1	1	1	5327.38	0
17.721	1	1	1	5327.39	0
17.761	1	1	1	5327.41	0
17.801	1	1	1	5327.42	0
17.841	1	1	1	5327.44	0
17.881	1	1	1	5327.46	0
17.921	1	1	1	5327.47	0
17.961	1	1	1	5327.49	0
18.001	1	1	1	5327.51	0
18.041	1	1	1	5327.52	0
18.081	1	1	1	5327.54	0
18.121	1	1	1	5327.56	0
18.161	1	1	1	5327.57	0
18.201	1	1	1	5327.59	0
18.241	1	1	1	5327.61	0
18.281	1	1	1	5327.63	0
18.321	1	1	1	5327.65	0
18.361	1	1	1	5327.66	0
18.401	1	1	1	5327.68	0
18.441	1	1	1	5327.7	0
18.481	1	1	1	5327.72	0
18.521	1	1	1	5327.74	0
18.561	1	1	1	5327.76	0
18.601	1	1	1	5327.78	0
18.641	1	1	1	5327.8	0
18.681	1	1	1	5327.82	0
18.721	1	1	1	5327.84	0
18.761	1	1	1	5327.86	0
18.801	1	1	1	5327.88	0
18.841	1	1	1	5327.91	0
18.881	1	1	1	5327.93	0
18.921	1	1	1	5327.95	0
18.961	1	1	1	5327.97	0
19.001	1	1	1	5327.99	0
19.041	1	1	1	5328.02	0
19.081	1	1	1	5328.04	0
19.121	1	1	1	5328.06	0
19.161	1	1	1	5328.09	0
19.201	1	1	1	5328.11	0
19.241	1	1	1	5328.14	0
19.281	1	1	1	5328.16	0
19.321	1	1	1	5328.19	0
19.361	1	1	1	5328.21	0
19.401	1	1	1	5328.24	0
19.441	1	1	1	5328.27	0
19.481	1	1	1	5328.29	0
19.521	1	1	1	5328.32	0
19.561	1	1	1	5328.35	0
19.601	1	1	1	5328.37	0
19.641	1	1	1	5328.4	0
19.681	1	1	1	5328.43	0
19.721	1	1	1	5328.46	0
19.761	1	1	1	5328.49	0
19.801	1	1	1	5328.52	0
19.841	1	1	1	5328.55	0
19.881	1	1	1	5328.58	0
19.921	1	1	1	5328.61	0
19.961	1	1	1	5328.65	0
20.001	1	1	1	5328.68	0
20.041	1	1	1	5328.71	0
20.081	1	1	1	5328.75	0
20.121	1	1	1	5328.78	0
20.161	1	1	1	5328.82	0
20.201	1	1	1	5328.85	0
20.241	1	1	1	5328.89	0
20.281	1	1	1	5328.92	0
20.321	1	1	1	5328.96	0
20.361	1	1	1	5329	0
20.401	1	1	1	5329.04	0
20.441	1	1	1	5329.08	0
20.481	1	1	1	5329.12	0
20.521	1	1	1	5329.16	0
20.561	1	1	1	5329.2	0
20.601	1	1	1	5329.24	0
20.641	1	1	1	5329.28	0
20.681	1	1	1	5329.33	0
20.721	1	1	1	5329.37	0
20.761	1	1	1	5329.42	0
20.801	1	1	1	5329.46	0
20.841	1	1	1	5329.51	0
20.881	1	1	1	5329.56	0
20.921	1	1	1	5329.61	0
20.961	1	1	1	5329.66	0
21.001	1	1	1	5329.71	0
21.041	1	1	1	5329.76	0
21.081	1	1	1	5329.81	0
21.121	1	1	1	5329.87	0
21.161	1	1	1	5329.92	0
21.201	1	1	1	5329.98	0
21.241	1	1	1	5330.03	0
21.281	1	1	1	5330.09	0
21.321	1	1	1	5330.15	0
21.361	1	1	1	5330.22	0
21.401	1	1	1	5330.28	0
21.441	1	1	1	5330.34	0
21.481	1	1	1	5330.41	0
21.521	1	1	1	5330.47	0
21.561	1	1	1	5330.54	0
21.601	1	1	1	5330.61	0
21.641	1	1	1	5330.69	0
21.681	1	1	1	5330.76	0
21.721	1	1	1	5330.83	0
21.761	1	1	1	5330.91	0
21.801	1	1	1	5330.99	0
21.841	1	1	1	5331.07	0
21.881	1	1	1	5331.16	0
21.921	1	1	1	5331.24	0
21.961	1	1	1	5331.33	0
22.001	1	1	1	5331.42	0
22.041	1	1	1	5331.51	0
22.081	1	1	1	5331.61	0
22.121	1	1	1	5331.71	0
22.161	1	1	1	5331.81	0
22.201	1	1	1	5331.91	0
22.241	1	1	1	5332.02	0
22.281	1	1	1	5332.13	0
22.321	1	1	1	5332.24	0
22.361	1	1	1	5332.35	0
22.401	1	1	1	5332.47	0
22.441	1	1	1	5332.6	0
22.481	1	1	1	5332.73	0
22.521	1	1	1	5332.86	0
22.561	1	1	1	5332.99	0
22.601	1	1	1	5333.13	0
22.641	1	1	1	5333.28	0
22.681	1	1	1	5333.43	0
22.721	1	1	1	5333.58	0
22.761	1	1	1	5333.74	0
22.801	1	1	1	5333.91	0
22.841	1	1	1	5334.08	0
22.881	1	1	1	5334.26	0
22.921	1	1	1	5334.45	0
22.961	1	1	1	5334.64	0
23.001	1	1	1	5334.85	0
23.041	1	1	1	5335.06	0
23.081	1	1	1	5335.28	0
23.121	1	1	1	5335.5	0
23.161	1	1	1	5335.74	0
23.201	1	1	1	5335.99	0
23.241	1	1	1	5336.25	0
23.281	1	1	1	5336.52	0
23.321	1	1	1	5336.81	0
23.361	1	1	1	5337.1	0
23.401	1	1	1	5337.42	0
23.441	1	1	1	5337.75	0
23.481	1	1	1	5338.09	0
23.521	1	1	1	5338.46	0
23.561	1	1	1	5338.85	0
23.601	1	1	1	5339.25	0
23.641	1	1	1	5339.69	0
23.681	1	1	1	5340.15	0
23.721	1	1	1	5340.63	0
23.761	1	1	1	5341.15	0
23.801	1	1	1	5341.71	0
23.841	1	1	1	5342.3	0
23.881	1	1	1	5342.93	0
23.921	1	1	1	5343.61	0
23.961	1	1	1	5344.34	0
24.001	1	1	1	5345.14	0
24.041	1	1	1	5345.99	0
24.081	1	1	1	5346.93	0
24.121	1	1	1	5347.95	0
24.161	1	1	1	5349.06	0
24.201	1	1	1	5350.29	0
24.241	1	1	1	5351.64	0
24.281	1	1	1	5353.15	0
24.321	1	1	1	5354.83	0
24.361	1	1	1	5356.73	0
24.401	1	1	1	5358.88	0
24.441	1	1	1	5361.34	0
24.481	1	1	1	5364.17	0
24.521	1	1	1	5367.48	0
24.561	1	1	1	5371.39	0
24.601	1	1	1	5376.09	0
24.641	1	1	1	5381.84	0
24.681	1	1	1	5389.03	0
24.721	1	1	1	5398.28	0
24.761	1	1	1	5410.64	0
24.801	1	1	1	5427.97	0
24.841	1	1	1	5454.05	0
24.881	1	1	1	5497.71	0
24.921	1	1	1	5585.81	0
24.961	1	1	1	5856.52	0
25.001	1	1	1	781996	0
25.041	1	1	1	4827.88	0
25.081	1	1	1	5072.15	0
25.121	1	1	1	5155.35	0
25.161	1	1	1	5197.3	0
25.201	1	1	1	5222.58	0
25.241	1	1	1	5239.48	0
25.281	1	1	1	5251.58	0
25.321	1	1	1	5260.66	0
25.361	1	1	1	5267.74	0
25.401	1	1	1	5273.4	0
25.441	1	1	1	5278.04	0
25.481	1	1	1	5281.91	0
25.521	1	1	1	5285.18	0
25.561	1	1	1	5287.99	0
25.601	1	1	1	5290.42	0
25.641	1	1	1	5292.55	0
25.681	1	1	1	5294.43	0
25.721	1	1	1	5296.1	0
25.761	1	1	1	5297.6	0
25.801	1	1	1	5298.94	0
25.841	1	1	1	5300.16	0
25.881	1	1	1	5301.27	0
25.921	1	1	1	5302.28	0
25.961	1	1	1	5303.21	0
26.001	1	1	1	5304.06	0
26.041	1	1	1	5304.85	0
26.081	1	1	1	5305.58	0
26.121	1	1	1	5306.26	0
26.161	1	1	1	5306.89	0
26.201	1	1	1	5307.48	0
26.241	1	1	1	5308.03	0
26.281	1	1	1	5308.54	0
26.321	1	1	1	5309.03	0
26.361	1	1	1	5309.48	0
26.401	1	1	1	5309.92	0
26.441	1	1	1	5310.32	0
26.481	1	1	1	5310.71	0
26.521	1	1	1	5311.07	0
26.561	1	1	1	5311.42	0
26.601	1	1	1	5311.75	0
26.641	1	1	1	5312.06	0
26.681	1	1	1	5312.36	0
26.721	1	1	1	5312.64	0
26.761	1	1	1	5312.91	0
26.801	1	1	1	5313.17	0
26.841	1	1	1	5313.42	0
26.881	1	1	1	5313.65	0
26.921	1	1	1	5313.88	0
26.961	1	1	1	5314.1	0
27.001	1	1	1	5314.31	0
27.041	1	1	1	5314.51	0
27.081	1	1	1	5314.7	0
27.121	1	1	1	5314.89	0
27.161	1	1	1	5315.07	0
27.201	1	1	1	5315.24	0
27.241	1	1	1	5315.41	0
27.281	1	1	1	5315.57	0
27.321	1	1	1	5315.72	0
27.361	1	1	1	5315.87	0
27.401	1	1	1	5316.02	0
27.441	1	1	1	5316.16	0
27.481	1	1	1	5316.29	0
27.521	1	1	1	5316.43	0
27.561	1	1	1	5316.55	0
27.601	1	1	1	5316.68	0
27.641	1	1	1	5316.8	0
27.681	1	1	1	5316.91	0
27.721	1	1	1	5317.02	0
27.761	1	1	1	5317.13	0
27.801	1	1	1	5317.24	0
27.841	1	1	1	5317.34	0
27.881	1	1	1	5317.44	0
27.921	1	1	1	5317.54	0
27.961	1	1	1	5317.64	0
28.001	1	1	1	5317.73	0
28.041	1	1	1	5317.82	0
28.081	1	1	1	5317.91	0
28.121	1	1	1	5317.99	0
28.161	1	1	1	5318.07	0
28.201	1	1	1	5318.16	0
28.241	1	1	1	5318.23	0
28.281	1	1	1	5318.31	0
28.321	1	1	1	5318.39	0
28.361	1	1	1	5318.46	0
28.401	1	1	1	5318.53	0
28.441	1	1	1	5318.6	0
28.481	1	1	1	5318.67	0
28.521	1	1	1	5318.74	0
28.561	1	1	1	5318.8	0
28.601	1	1	1	5318.87	0
28.641	1	1	1	5318.93	0
28.681	1	1	1	5318.99	0
28.721	1	1	1	5319.05	0
28.761	1	1	1	5319.11	0
28.801	1	1	1	5319.17	0
28.841	1	1	1	5319.22	0
28.881	1	1	1	5319.28	0
28.921	1	1	1	5319.33	0
28.961	1	1	1	5319.39	0
29.001	1	1	1	5319.44	0
29.041	1	1	1	5319.49	0
29.081	1	1	1	5319.54	0
29.121	1	1	1	5319.59	0
29.161	1	1	1	5319.64	0
29.201	1	1	1	5319.68	0
29.241	1	1	1	5319.73	0
29.281	1	1	1	5319.77	0
29.321	1	1	1	5319.82	0
29.361	1	1	1	5319.86	0
29.401	1	1	1	5319.9	0
29.441	1	1	1	5319.95	0
29.481	1	1	1	5319.99	0
29.521	1	1	1	5320.03	0
29.561	1	1	1	5320.07	0
29.601	1	1	1	5320.11	0
29.641	1	1	1	5320.15	0
29.681	1	1	1	5320.18	0
29.721	1	1	1	5320.22	0
29.761	1	1	1	5320.26	0
29.801	1	1	1	5320.29	0
29.841	1	1	1	5320.33	0
29.881	1	1	1	5320.36	0
29.921	1	1	1	5320.4	0
29.961	1	1	1	5320.43	0
30.001	1	1	1	5320.46	0
30.041	1	1	1	5320.5	0
30.081	1	1	1	5320.53	0
30.121	1	1	1	5320.56	0
30.161	1	1	1	5320.59	0
30.201	1	1	1	5320.62	0
30.241	1	1	1	5320.65	0
30.281	1	1	1	5320.68	0
30.321	1	1	1	5320.71	0
30.361	1	1	1	5320.74	0
30.401	1	1	1	5320.77	0
30.441	1	1	1	5320.8	0
30.481	1	1	1	5320.82	0
30.521	1	1	1	5320.85	0
30.561	1	1	1	5320.88	0
30.601	1	1	1	5320.9	0
30.641	1	1	1	5320.93	0
30.681	1	1	1	5320.96	0
30.721	1	1	1	5320.98	0
30.761	1	1	1	5321.01	0
30.801	1	1	1	5321.03	0
30.841	1	1	1	5321.05	0
30.881	1	1	1	5321.08	0
30.921	1	1	1	5321.1	0
30.961	1	1	1	5321.13	0
31.001	1	1	1	5321.15	0
31.041	1	1	1	5321.17	0
31.081	1	1	1	5321.19	0
31.121	1	1	1	5321.22	0
31.161	1	1	1	5321.24	0
31.201	1	1	1	5321.26	0
31.241	1	1	1	5321.28	0
31.281	1	1	1	5321.3	0
31.321	1	1	1	5321.32	0
31.361	1	1	1	5321.34	0
31.401	1	1	1	5321.36	0
31.441	1	1	1	5321.38	0
31.481	1	1	1	5321.4	0
31.521	1	1	1	5321.42	0
31.561	1	1	1	5321.44	0
31.601	1	1	1	5321.46	0
31.641	1	1	1	5321.48	0
31.681	1	1	1	5321.5	0
31.721	1	1	1	5321.52	0
31.761	1	1	1	5321.53	0
31.801	1	1	1	5321.55	0
31.841	1	1	1	5321.57	0
31.881	1	1	1	5321.59	0
31.921	1	1	1	5321.6	0
31.961	1	1	1	5321.62	0
32.001	1	1	1	5321.64	0
32.041	1	1	1	5321.65	0
32.081	1	1	1	5321.67	0
32.121	1	1	1	5321.69	0
32.161	1	1	1	5321.7	0
32.201	1	1	1	5321.72	0
32.241	1	1	1	5321.73	0
32.281	1	1	1	5321.75	0
32.321	1	1	1	5321.77	0
32.361	1	1	1	5321.78	0
32.401	1	1	1	5321.8	0
32.441	1	1	1	5321.81	0
32.481	1	1	1	5321.83	0
32.521	1	1	1	5321.84	0
32.561	1	1	1	5321.85	0
32.601	1	1	1	5321.87	0
32.641	1	1	1	5321.88	0
32.681	1	1	1	5321.9	0
32.721	1	1	1	5321.91	0
32.761	1	1	1	5321.92	0
32.801	1	1	1	5321.94	0
32.841	1	1	1	5321.95	0
32.881	1	1	1	5321.96	0
32.921	1	1	1	5321.98	0
32.961	1	1	1	5321.99	0
33.001	1	1	1	5322	0
33.041	1	1	1	5322.02	0
33.081	1	1	1	5322.03	0
33.121	1	1	1	5322.04	0
33.161	1	1	1	5322.05	0
33.201	1	1	1	5322.07	0
33.241	1	1	1	5322.08	0
33.281	1	1	1	5322.09	0
33.321	1	1	1	5322.1	0
33.361	1	1	1	5322.11	0
33.401	1	1	1	5322.13	0
33.441	1	1	1	5322.14	0
33.481	1	1	1	5322.15	0
33.521	1	1	1	5322.16	0
33.561	1	1	1	5322.17	0
33.601	1	1	1	5322.18	0
33.641	1	1	1	5322.19	0
33.681	1	1	1	5322.2	0
33.721	1	1	1	5322.22	0
33.761	1	1	1	5322.23	0
33.801	1	1	1	5322.24	0
33.841	1	1	1	5322.25	0
33.881	1	1	1	5322.26	0
33.921	1	1	1	5322.27	0
33.961	1	1	1	5322.28	0
34.001	1	1	1	5322.29	0
34.041	1	1	1	5322.3	0
34.081	1	1	1	5322.31	0
34.121	1	1	1	5322.32	0
34.161	1	1	1	5322.33	0
34.201	1	1	1	5322.34	0
34.241	1	1	1	5322.35	0
34.281	1	1	1	5322.36	0
34.321	1	1	1	5322.37	0
34.361	1	1	1	5322.38	0
34.401	1	1	1	5322.39	0
34.441	1	1	1	5322.4	0
34.481	1	1	1	5322.4	0
34.521	1	1	1	5322.41	0
34.561	1	1	1	5322.42	0
34.601	1	1	1	5322.43	0
34.641	1	1	1	5322.44	0
34.681	1	1	1	5322.45	0
34.721	1	1	1	5322.46	0
34.761	1	1	1	5322.47	0
34.801	1	1	1	5322.48	0
34.841	1	1	1	5322.48	0
34.881	1	1	1	5322.49	0
34.921	1	1	1	5322.5	0
34.961	1	1	1	5322.51	0
35.001	1	1	1	5322.52	0
35.041	1	1	1	5322.53	0
35.081	1	1	1	5322.53	0
35.121	1	1	1	5322.54	0
35.161	1	1	1	5322.55	0
35.201	1	1	1	5322.56	0
35.241	1	1	1	5322.57	0
35.281	1	1	1	5322.57	0
35.321	1	1	1	5322.58	0
35.361	1	1	1	5322.59	0
35.401	1	1	1	5322.6	0
35.441	1	1	1	5322.6	0
35.481	1	1	1	5322.61	0
35.521	1	1	1	5322.62	0
35.561	1	1	1	5322.63	0
35.601	1	1	1	5322.63	0
35.641	1	1	1	5322.64	0
35.681	1	1	1	5322.65	0
35.721	1	1	1	5322.66	0
35.761	1	1	1	5322.66	0
35.801	1	1	1	5322.67	0
35.841	1	1	1	5322.68	0
35.881	1	1	1	5322.68	0
35.921	1	1	1	5322.69	0
35.961	1	1	1	5322.7	0
36.001	1	1	1	5322.7	0
36.041	1	1	1	5322.71	0
36.081	1	1	1	5322.72	0
36.121	1	1	1	5322.72	0
36.161	1	1	1	5322.73	0
36.201	1	1	1	5322.74	0
36.241	1	1	1	5322.74	0
36.281	1	1	1	5322.75	0
36.321	1	1	1	5322.76	0
36.361	1	1	1	5322.76	0
36.401	1	1	1	5322.77	0
36.441	1	1	1	5322.78	0
36.481	1	1	1	5322.78	0
36.521	1	1	1	5322.79	0
36.561	1	1	1	5322.79	0
36.601	1	1	1	5322.8	0
36.641	1	1	1	5322.81	0
36.681	1	1	1	5322.81	0
36.721	1	1	1	5322.82	0
36.761	1	1	1	5322.82	0
36.801	1	1	1	5322.83	0
36.841	1	1	1	5322.84	0
36.881	1	1	1	5322.84	0
36.921	1	1	1	5322.85	0
36.961	1	1	1	5322.85	0
37.001	1	1	1	5322.86	0
37.041	1	1	1	5322.87	0
37.081	1	1	1	5322.87	0
37.121	1	1	1	5322.88	0
37.161	1	1	1	5322.88	0
37.201	1	1	1	5322.89	0
37.241	1	1	1	5322.89	0
37.281	1	1	1	5322.9	0
37.321	1	1	1	5322.9	0
37.361	1	1	1	5322.91	0
37.401	1	1	1	5322.91	0
37.441	1	1	1	5322.92	0
37.481	1	1	1	5322.93	0
37.521	1	1	1	5322.93	0
37.561	1	1	1	5322.94	0
37.601	1	1	1	5322.94	0
37.641	1	1	1	5322.95	0
37.681	1	1	1	5322.95	0
37.721	1	1	1	5322.96	0
37.761	1	1	1	5322.96	0
37.801	1	1	1	5322.97	0
37.841	1	1	1	5322.97	0
37.881	1	1	1	5322.98	0
37.921	1	1	1	5322.98	0
37.961	1	1	1	5322.99	0
38.001	1	1	1	5322.99	0
38.041	1	1	1	5323	0
38.081	1	1	1	5323	0
38.121	1	1	1	5323.01	0
38.161	1	1	1	5323.01	0
38.201	1	1	1	5323.01	0
38.241	1	1	1	5323.02	0
38.281	1	1	1	5323.02	0
38.321	1	1	1	5323.03	0
38.361	1	1	1	5323.03	0
38.401	1	1	1	5323.04	0
38.441	1	1	1	5323.04	0
38.481	1	1	1	5323.05	0
38.521	1	1	1	5323.05	0
38.561	1	1	1	5323.06	0
38.601	1	1	1	5323.06	0
38.641	1	1	1	5323.07	0
38.681	1	1	1	5323.07	0
38.721	1	1	1	5323.07	0
38.761	1	1	1	5323.08	0
38.801	1	1	1	5323.08	0
38.841	1	1	1	5323.09	0
38.881	1	1	1	5323.09	0
38.921	1	1	1	5323.1	0
38.961	1	1	1	5323.1	0
39.001	1	1	1	5323.1	0
39.041	1	1	1	5323.11	0
39.081	1	1	1	5323.11	0
39.121	1	1	1	5323.12	0
39.161	1	1	1	5323.12	0
39.201	1	1	1	5323.12	0
39.241	1	1	1	5323.13	0
39.281	1	1	1	5323.13	0
39.321	1	1	1	5323.14	0
39.361	1	1	1	5323.14	0
39.401	1	1	1	5323.14	0
39.441	1	1	1	5323.15	0
39.481	1	1	1	5323.15	0
39.521	1	1	1	5323.16	0
39.561	1	1	1	5323.16	0
39.601	1	1	1	5323.16	0
39.641	1	1	1	5323.17	0
39.681	1	1	1	5323.17	0
39.721	1	1	1	5323.18	0
39.761	1	1	1	5323.18	0
39.801	1	1	1	5323.18	0
39.841	1	1	1	5323.19	0
39.881	1	1	1	5323.19	0
39.921	1	1	1	5323.19	0
39.961	1	1	1	5323.2	0
40.001	1	1	1	5323.2	0
40.041	1	1	1	5323.21	0
40.081	1	1	1	5323.21	0
40.121	1	1	1	5323.21	0
40.161	1	1	1	5323.22	0
40.201	1	1	1	5323.22	0
40.241	1	1	1	5323.22	0
40.281	1	1	1	5323.23	0
40.361	2	1	1	5326.7	0
40.401	2	1	1	5326.71	0
40.441	2	1	1	5326.72	0
40.481	2	1	1	5326.73	0
40.521	2	1	1	5326.74	0
40.561	2	1	1	5326.75	0
40.601	2	1	1	5326.76	0
40.641	2	1	1	5326.77	0
40.681	2	1	1	5326.77	0
40.721	2	1	1	5326.78	0
40.761	2	1	1	5326.79	0
40.801	2	1	1	5326.8	0
40.841	2	1	1	5326.81	0
40.881	2	1	1	5326.82	0
40.921	2	1	1	5326.83	0
40.961	2	1	1	5326.84	0
41.001	2	1	1	5326.85	0
41.041	2	1	1	5326.86	0
41.081	2	1	1	5326.87	0
41.121	2	1	1	5326.88	0
41.161	2	1	1	5326.89	0
41.201	2	1	1	5326.9	0
41.241	2	1	1	5326.92	0
41.281	2	1	1	5326.93	0
41.321	2	1	1	5326.94	0
41.361	2	1	1	5326.95	0
41.401	2	1	1	5326.96	0
41.441	2	1	1	5326.97	0
41.481	2	1	1	5326.98	0
41.521	2	1	1	5326.99	0
41.561	2	1	1	5327	0
41.601	2	1	1	5327.02	0
41.641	2	1	1	5327.03	0
41.681	2	1	1	5327.04	0
41.721	2	1	1	5327.05	0
41.761	2	1	1	5327.06	0
41.801	2	1	1	5327.08	0
41.841	2	1	1	5327.09	0
41.881	2	1	1	5327.1	0
41.921	2	1	1	5327.11	0
41.961	2	1	1	5327.13	0
42.001	2	1	1	5327.14	0
42.041	2	1	1	5327.15	0
42.081	2	1	1	5327.16	0
42.121	2	1	1	5327.18	0
42.161	2	1	1	5327.19	0
42.201	2	1	1	5327.2	0
42.241	2	1	1	5327.22	0
42.281	2	1	1	5327.23	0
42.321	2	1	1	5327.25	0
42.361	2	1	1	5327.26	0
42.401	2	1	1	5327.27	0
42.441	2	1	1	5327.29	0
42.481	2	1	1	5327.3	0
42.521	2	1	1	5327.32	0
42.561	2	1	1	5327.33	0
42.601	2	1	1	5327.35	0
42.641	2	1	1	5327.36	0
42.681	2	1	1	5327.38	0
42.721	2	1	1	5327.39	0
42.761	2	1	1	5327.41	0
42.801	2	1	1	5327.42	0
42.841	2	1	1	5327.44	0
42.881	2	1	1	5327.46	0
42.921	2	1	1	5327.47	0
42.961	2	1	1	5327.49	0
43.001	2	1	1	5327.51	0
43.041	2	1	1	5327.52	0
43.081	2	1	1	5327.54	0
43.121	2	1	1	5327.56	0
43.161	2	1	1	5327.57	0
43.201	2	1	1	5327.59	0
43.241	2	1	1	5327.61	0
43.281	2	1	1	5327.63	0
43.321	2	1	1	5327.65	0
43.361	2	1	1	5327.66	0
43.401	2	1	1	5327.68	0
43.441	2	1	1	5327.7	0
43.481	2	1	1	5327.72	0
43.521	2	1	1	5327.74	0
43.561	2	1	1	5327.76	0
43.601	2	1	1	5327.78	0
43.641	2	1	1	5327.8	0
43.681	2	1	1	5327.82	0
43.721	2	1	1	5327.84	0
43.761	2	1	1	5327.86	0
43.801	2	1	1	5327.88	0
43.841	2	1	1	5327.91	0
43.881	2	1	1	5327.93	0
43.921	2	1	1	5327.95	0
43.961	2	1	1	5327.97	0
44.001	2	1	1	5327.99	0
44.041	2	1	1	5328.02	0
44.081	2	1	1	5328.04	0
44.121	2	1	1	5328.06	0
44.161	2	1	1	5328.09	0
44.201	2	1	1	5328.11	0
44.241	2	1	1	5328.14	0
44.281	2	1	1	5328.16	0
44.321	2	1	1	5328.19	0
44.361	2	1	1	5328.21	0
44.401	2	1	1	5328.24	0
44.441	2	1	1	5328.27	0
44.481	2	1	1	5328.29	0
44.521	2	1	1	5328.32	0
44.561	2	1	1	5328.35	0
44.601	2	1	1	5328.37	0
44.641	2	1	1	5328.4	0
44.681	2	1	1	5328.43	0
44.721	2	1	1	5328.46	0
44.761	2	1	1	5328.49	0
44.801	2	1	1	5328.52	0
44.841	2	1	1	5328.55	0
44.881	2	1	1	5328.58	0
44.921	2	1	1	5328.61	0
44.961	2	1	1	5328.65	0
45.001	2	1	1	5328.68	0
45.041	2	1	1	5328.71	0
45.081	2	1	1	5328.75	0
45.121	2	1	1	5328.78	0
45.161	2	1	1	5328.82	0
45.201	2	1	1	5328.85	0
45.241	2	1	1	5328.89	0
45.281	2	1	1	5328.92	0
45.321	2	1	1	5328.96	0
45.361	2	1	1	5329	0
45.401	2	1	1	5329.04	0
45.441	2	1	1	5329.08	0
45.481	2	1	1	5329.12	0
45.521	2	1	1	5329.16	0
45.561	2	1	1	5329.2	0
45.601	2	1	1	5329.24	0
45.641	2	1	1	5329.28	0
45.681	2	1	1	5329.33	0
45.721	2	1	1	5329.37	0
45.761	2	1	1	5329.42	0
45.801	2	1	1	5329.46	0
45.841	2	1	1	5329.51	0
45.881	2	1	1	5329.56	0
45.921	2	1	1	5329.61	0
45.961	2	1	1	5329.66	0
46.001	2	1	1	5329.71	0
46.041	2	1	1	5329.76	0
46.081	2	1	1	5329.81	0
46.121	2	1	1	5329.87	0
46.161	2	1	1	5329.92	0
46.201	2	1	1	5329.98	0
46.241	2	1	1	5330.03	0
46.281	2	1	1	5330.09	0
46.321	2	1	1	5330.15	0
46.361	2	1	1	5330.22	0
46.401	2	1	1	5330.28	0
46.441	2	1	1	5330.34	0
46.481	2	1	1	5330.41	0
46.521	2	1	1	5330.47	0
46.561	2	1	1	5330.54	0
46.601	2	1	1	5330.61	0
46.641	2	1	1	5330.69	0
46.681	2	1	1	5330.76	0
46.721	2	1	1	5330.83	0
46.761	2	1	1	5330.91	0
46.801	2	1	1	5330.99	0
46.841	2	1	1	5331.07	0
46.881	2	1	1	5331.16	0
46.921	2	1	1	5331.24	0
46.961	2	1	1	5331.33	0
47.001	2	1	1	5331.42	0
47.041	2	1	1	5331.51	0
47.081	2	1	1	5331.61	0
47.121	2	1	1	5331.71	0
47.161	2	1	1	5331.81	0
47.201	2	1	1	5331.91	0
47.241	2	1	1	5332.02	0
47.281	2	1	1	5332.13	0
47.321	2	1	1	5332.24	0
47.361	2	1	1	5332.35	0
47.401	2	1	1	5332.47	0
47.441	2	1	1	5332.6	0
47.481	2	1	1	5332.73	0
47.521	2	1	1	5332.86	0
47.561	2	1	1	5332.99	0
47.601	2	1	1	5333.13	0
47.641	2	1	1	5333.28	0
47.681	2	1	1	5333.43	0
47.721	2	1	1	5333.58	0
47.761	2	1	1	5333.74	0
47.801	2	1	1	5333.91	0
47.841	2	1	1	5334.08	0
47.881	2	1	1	5334.26	0
47.921	2	1	1	5334.45	0
47.961	2	1	1	5334.64	0
48.001	2	1	1	5334.85	0
48.041	2	1	1	5335.06	0
48.081	2	1	1	5335.28	0
48.121	2	1	1	5335.5	0
48.161	2	1	1	5335.74	0
48.201	2	1	1	5335.99	0
48.241	2	1	1	5336.25	0
48.281	2	1	1	5336.52	0
48.321	2	1	1	5336.81	0
48.361	2	1	1	5337.1	0
48.401	2	1	1	5337.42	0
48.441	2	1	1	5337.75	0
48.481	2	1	1	5338.09	0
48.521	2	1	1	5338.46	0
48.561	2	1	1	5338.85	0
48.601	2	1	1	5339.25	0
48.641	2	1	1	5339.69	0
48.681	2	1	1	5340.15	0
48.721	2	1	1	5340.63	0
48.761	2	1	1	5341.15	0
48.801	2	1	1	5341.71	0
48.841	2	1	1	5342.3	0
48.881	2	1	1	5342.93	0
48.921	2	1	1	5343.61	0
48.961	2	1	1	5344.34	0
49.001	2	1	1	5345.14	0
49.041	2	1	1	5345.99	0
49.081	2	1	1	5346.93	0
49.121	2	1	1	5347.95	0
49.161	2	1	1	5349.06	0
49.201	2	1	1	5350.29	0
49.241	2	1	1	5351.64	0
49.281	2	1	1	5353.15	0
49.321	2	1	1	5354.83	0
49.361	2	1	1	5356.73	0
49.401	2	1	1	5358.88	0
49.441	2	1	1	5361.34	0
49.481	2	1	1	5364.17	0
49.521	2	1	1	5367.48	0
49.561	2	1	1	5371.39	0
49.601	2	1	1	5376.09	0
49.641	2	1	1	5381.84	0
49.681	2	1	1	5389.03	0
49.721	2	1	1	5398.28	0
49.761	2	1	1	5410.64	0
49.801	2	1	1	5427.97	0
49.841	2	1	1	5454.05	0
49.881	2	1	1	5497.71	0
49.921	2	1	1	5585.81	0
49.961	2	1	1	5856.52	0
50.001	2	1	1	781996	0
50.041	2	1	1	4827.88	0
50.081	2	1	1	5072.15	0
50.121	2	1	1	5155.35	0
50.161	2	1	1	5197.3	0
50.201	2	1	1	5222.58	0
50.241	2	1	1	5239.48	0
50.281	2	1	1	5251.58	0
50.321	2	1	1	5260.66	0
50.361	2	1	1	5267.74	0
50.401	2	1	1	5273.4	0
50.441	2	1	1	5278.04	0
50.481	2	1	1	5281.91	0
50.521	2	1	1	5285.18	0
50.561	2	1	1	5287.99	0
50.601	2	1	1	5290.42	0
50.641	2	1	1	5292.55	0
50.681	2	1	1	5294.43	0
50.721	2	1	1	5296.1	0
50.761	2	1	1	5297.6	0
50.801	2	1	1	5298.94	0
50.841	2	1	1	5300.16	0
50.881	2	1	1	5301.27	0
50.921	2	1	1	5302.28	0
50.961	2	1	1	5303.21	0
51.001	2	1	1	5304.06	0
51.041	2	1	1	5304.85	0
51.081	2	1	1	5305.58	0
51.121	2	1	1	5306.26	0
51.161	2	1	1	5306.89	0
51.201	2	1	1	5307.48	0
51.241	2	1	1	5308.03	0
51.281	2	1	1	5308.54	0
51.321	2	1	1	5309.03	0
51.361	2	1	1	5309.48	0
51.401	2	1	1	5309.92	0
51.441	2	1	1	5310.32	0
51.481	2	1	1	5310.71	0
51.521	2	1	1	5311.07	0
51.561	2	1	1	5311.42	0
51.601	2	1	1	5311.75	0
51.641	2	1	1	5312.06	0
51.681	2	1	1	5312.36	0
51.721	2	1	1	5312.64	0
51.761	2	1	1	5312.91	0
51.801	2	1	1	5313.17	0
51.841	2	1	1	5313.42	0
51.881	2	1	1	5313.65	0
51.921	2	1	1	5313.88	0
51.961	3	1	1	5310.57	0
52.001	3	1	1	5310.89	0
52.041	3	1	1	5311.25	0
52.081	3	1	1	5311.58	0
52.121	3	1	1	5311.9	0
52.161	3	1	1	5312.21	0
52.201	3	1	1	5312.5	0
52.241	3	1	1	5312.78	0
52.281	3	1	1	5313.04	0
52.321	3	1	1	5313.29	0
52.361	3	1	1	5313.54	0
52.401	3	1	1	5313.77	0
52.441	3	1	1	5313.99	0
52.481	3	1	1	5314.21	0
52.521	3	1	1	5314.41	0
52.561	3	1	1	5314.61	0
52.601	3	1	1	5314.8	0
52.641	3	1	1	5314.98	0
52.681	3	1	1	5315.16	0
52.721	3	1	1	5315.33	0
52.761	3	1	1	5315.49	0
52.801	3	1	1	5315.65	0
52.841	3	1	1	5315.8	0
52.881	3	1	1	5315.95	0
52.921	3	1	1	5316.09	0
52.961	3	1	1	5316.23	0
53.001	3	1	1	5316.36	0
53.041	3	1	1	5316.49	0
53.081	3	1	1	5316.61	0
53.121	3	1	1	5316.74	0
53.161	3	1	1	5316.85	0
53.201	3	1	1	5316.97	0
53.241	3	1	1	5317.08	0
53.281	3	1	1	5317.19	0
53.321	3	1	1	5317.29	0
53.361	3	1	1	5317.39	0
53.401	3	1	1	5317.49	0
53.441	3	1	1	5317.59	0
53.481	3	1	1	5317.68	0
53.521	3	1	1	5317.77	0
53.561	3	1	1	5317.86	0
53.601	3	1	1	5317.95	0
53.641	3	1	1	5318.03	0
53.681	3	1	1	5318.12	0
53.721	3	1	1	5318.2	0
53.761	3	1	1	5318.27	0
53.801	3	1	1	5318.35	0
53.841	3	1	1	5318.42	0
53.881	3	1	1	5318.5	0
53.921	3	1	1	5318.57	0
53.961	3	1	1	5318.64	0
54.001	3	1	1	5318.71	0
54.041	3	1	1	5318.77	0
54.081	3	1	1	5318.84	0
54.121	3	1	1	5318.9	0
54.161	3	1	1	5318.96	0
54.201	3	1	1	5319.02	0
54.241	3	1	1	5319.08	0
54.281	3	1	1	5319.14	0
54.321	3	1	1	5319.2	0
54.361	3	1	1	5319.25	0
54.401	3	1	1	5319.31	0
54.441	3	1	1	5319.36	0
54.481	3	1	1	5319.41	0
54.521	3	1	1	5319.46	0
54.561	3	1	1	5319.51	0
54.601	3	1	1	5319.56	0
54.641	3	1	1	5319.61	0
54.681	3	1	1	5319.66	0
54.721	3	1	1	5319.71	0
54.761	3	1	1	5319.75	0
54.801	3	1	1	5319.8	0
54.841	3	1	1	5319.84	0
54.881	3	1	1	5319.88	0
54.921	3	1	1	5319.93	0
54.961	3	1	1	5319.97	0
55.001	3	1	1	5320.01	0
55.041	3	1	1	5320.05	0
55.081	3	1	1	5320.09	0
55.121	3	1	1	5320.13	0
55.161	3	1	1	5320.16	0
55.201	3	1	1	5320.2	0
55.241	3	1	1	5320.24	0
55.281	3	1	1	5320.28	0
55.321	3	1	1	5320.31	0
55.361	3	1	1	5320.35	0
55.401	3	1	1	5320.38	0
55.441	3	1	1	5320.41	0
55.481	3	1	1	5320.45	0
55.521	3	1	1	5320.48	0
55.561	3	1	1	5320.51	0
55.601	3	1	1	5320.54	0
55.641	3	1	1	5320.58	0
55.681	3	1	1	5320.61	0
55.721	3	1	1	5320.64	0
55.761	3	1	1	5320.67	0
55.801	3	1	1	5320.7	0
55.841	3	1	1	5320.73	0
55.881	3	1	1	5320.75	0
55.921	3	1	1	5320.78	0
55.961	3	1	1	5320.81	0
56.001	3	1	1	5320.84	0
56.041	3	1	1	5320.86	0
56.081	3	1	1	5320.89	0
56.121	3	1	1	5320.92	0
56.161	3	1	1	5320.94	0
56.201	3	1	1	5320.97	0
56.241	3	1	1	5320.99	0
56.281	3	1	1	5321.02	0
56.321	3	1	1	5321.04	0
56.361	3	1	1	5321.07	0
56.401	3	1	1	5321.09	0
56.441	3	1	1	5321.11	0
56.481	3	1	1	5321.14	0
56.521	3	1	1	5321.16	0
56.561	3	1	1	5321.18	0
56.601	3	1	1	5321.2	0
56.641	3	1	1	5321.23	0
56.681	3	1	1	5321.25	0
56.721	3	1	1	5321.27	0
56.761	3	1	1	5321.29	0
56.801	3	1	1	5321.31	0
56.841	3	1	1	5321.33	0
56.881	3	1	1	5321.35	0
56.921	3	1	1	5321.37	0
56.961	3	1	1	5321.39	0
57.001	3	1	1	5321.41	0
57.041	3	1	1	5321.43	0
57.081	3	1	1	5321.45	0
57.121	3	1	1	5321.47	0
57.161	3	1	1	5321.49	0
57.201	3	1	1	5321.51	0
57.241	3	1	1	5321.52	0
57.281	3	1	1	5321.54	0
57.321	3	1	1	5321.56	0
57.361	3	1	1	5321.58	0
57.401	3	1	1	5321.59	0
57.441	3	1	1	5321.61	0
57.481	3	1	1	5321.63	0
57.521	3	1	1	5321.65	0
57.561	3	1	1	5321.66	0
57.601	3	1	1	5321.68	0
57.641	3	1	1	5321.69	0
57.681	3	1	1	5321.71	0
57.721	3	1	1	5321.73	0
57.761	3	1	1	5321.74	0
57.801	3	1	1	5321.76	0
57.841	3	1	1	5321.77	0
57.881	3	1	1	5321.79	0
57.921	3	1	1	5321.8	0
57.961	3	1	1	5321.82	0
58.001	3	1	1	5321.83	0
58.041	3	1	1	5321.85	0
58.081	3	1	1	5321.86	0
58.121	3	1	1	5321.88	0
58.161	3	1	1	5321.89	0
58.201	3	1	1	5321.9	0
58.241	3	1	1	5321.92	0
58.281	3	1	1	5321.93	0
58.321	3	1	1	5321.94	0
58.361	3	1	1	5321.96	0
58.401	3	1	1	5321.97	0
58.441	3	1	1	5321.98	0
58.481	3	1	1	5322	0
58.521	3	1	1	5322.01	0
58.561	3	1	1	5322.02	0
58.601	3	1	1	5322.04	0
58.641	3	1	1	5322.05	0
58.681	3	1	1	5322.06	0
58.721	3	1	1	5322.07	0
58.761	3	1	1	5322.08	0
58.801	3	1	1	5322.1	0
58.841	3	1	1	5322.11	0
58.881	3	1	1	5322.12	0
58.921	3	1	1	5322.13	0
58.961	3	1	1	5322.14	0
59.001	3	1	1	5322.15	0
59.041	3	1	1	5322.17	0
59.081	3	1	1	5322.18	0
59.121	3	1	1	5322.19	0
59.161	3	1	1	5322.2	0
59.201	3	1	1	5322.21	0
59.241	3	1	1	5322.22	0
59.281	3	1	1	5322.23	0
59.321	3	1	1	5322.24	0
59.361	3	1	1	5322.25	0
59.401	3	1	1	5322.26	0
59.441	3	1	1	5322.27	0
59.481	3	1	1	5322.28	0
59.521	3	1	1	5322.29	0
59.561	3	1	1	5322.3	0
59.601	3	1	1	5322.31	0
59.641	3	1	1	5322.32	0
59.681	3	1	1	5322.33	0
59.721	3	1	1	5322.34	0
59.761	3	1	1	5322.35	0
59.801	3	1	1	5322.36	0
59.841	3	1	1	5322.37	0
59.881	3	1	1	5322.38	0
59.921	3	1	1	5322.39	0
59.961	3	1	1	5322.4	0
60.001	3	1	1	5322.41	0
60.041	3	1	1	5322.42	0
60.081	3	1	1	5322.43	0
60.121	3	1	1	5322.44	0
60.161	3	1	1	5322.44	0
60.201	3	1	1	5322.45	0
60.241	3	1	1	5322.46	0
60.281	3	1	1	5322.47	0
60.321	3	1	1	5322.48	0
60.361	3	1	1	5322.49	0
60.401	3	1	1	5322.5	0
60.441	3	1	1	5322.5	0
60.481	3	1	1	5322.51	0
60.521	3	1	1	5322.52	0
60.561	3	1	1	5322.53	0
60.601	3	1	1	5322.54	0
60.641	3	1	1	5322.55	0
60.681	3	1	1	5322.55	0
60.721	3	1	1	5322.56	0
60.761	3	1	1	5322.57	0
60.801	3	1	1	5322.58	0
60.841	3	1	1	5322.58	0
60.881	3	1	1	5322.59	0
60.921	3	1	1	5322.6	0
60.961	3	1	1	5322.61	0
61.001	3	1	1	5322.62	0
61.041	3	1	1	5322.62	0
61.081	3	1	1	5322.63	0
61.121	3	1	1	5322.64	0
61.161	3	1	1	5322.64	0
61.201	3	1	1	5322.65	0
61.241	3	1	1	5322.66	0
61.281	3	1	1	5322.67	0
61.321	3	1	1	5322.67	0
61.361	3	1	1	5322.68	0
61.401	3	1	1	5322.69	0
61.441	3	1	1	5322.69	0
61.481	3	1	1	5322.7	0
61.521	3	1	1	5322.71	0
61.561	3	1	1	5322.71	0
61.601	3	1	1	5322.72	0
61.641	3	1	1	5322.73	0
61.681	3	1	1	5322.73	0
61.721	3	1	1	5322.74	0
61.761	3	1	1	5322.75	0
61.801	3	1	1	5322.75	0
61.841	3	1	1	5322.76	0
61.881	3	1	1	5322.77	0
61.921	3	1	1	5322.77	0
61.961	3	1	1	5322.78	0
62.001	3	1	1	5322.79	0
62.041	3	1	1	5322.79	0
62.081	3	1	1	5322.8	0
62.121	3	1	1	5322.8	0
62.161	3	1	1	5322.81	0
62.201	3	1	1	5322.82	0
62.241	3	1	1	5322.82	0
62.281	3	1	1	5322.83	0
62.321	3	1	1	5322.83	0
62.361	3	1	1	5322.84	0
62.401	3	1	1	5322.85	0
62.441	3	1	1	5322.85	0
62.481	3	1	1	5322.86	0
62.521	3	1	1	5322.86	0
62.561	3	1	1	5322.87	0
62.601	3	1	1	5322.87	0
62.641	3	1	1	5322.88	0
62.681	3	1	1	5322.88	0
62.721	3	1	1	5322.89	0
62.761	3	1	1	5322.9	0
62.801	3	1	1	5322.9	0
62.841	3	1	1	5322.91	0
62.881	3	1	1	5322.91	0
62.921	3	1	1	5322.92	0
62.961	3	1	1	5322.92	0
63.001	3	1	1	5322.93	0
63.041	3	1	1	5322.93	0
63.081	3	1	1	5322.94	0
63.121	3	1	1	5322.94	0
63.161	3	1	1	5322.95	0
63.201	3	1	1	5322.95	0
63.241	3	1	1	5322.96	0
63.281	3	1	1	5322.96	0
63.321	3	1	1	5322.97	0
63.361	3	1	1	5322.97	0
63.401	3	1	1	5322.98	0
63.441	3	1	1	5322.98	0
63.481	3	1	1	5322.99	0
63.521	3	1	1	5322.99	0
63.561	3	1	1	5323	0
63.601	3	1	1	5323	0
63.641	3	1	1	5323.01	0
63.681	3	1	1	5323.01	0
63.721	3	1	1	5323.02	0
63.761	3	1	1	5323.02	0
63.801	3	1	1	5323.03	0
63.841	3	1	1	5323.03	0
63.881	3	1	1	5323.04	0
63.921	3	1	1	5323.04	0
63.961	3	1	1	5323.05	0
64.001	3	1	1	5323.05	0
64.041	3	1	1	5323.05	0
64.081	3	1	1	5323.06	0
64.121	3	1	1	5323.06	0
64.161	3	1	1	5323.07	0
64.201	3	1	1	5323.07	0
64.241	3	1	1	5323.08	0
64.281	3	1	1	5323.08	0
64.321	3	1	1	5323.08	0
64.361	3	1	1	5323.09	0
64.401	3	1	1	5323.09	0
64.441	3	1	1	5323.1	0
64.481	3	1	1	5323.1	0
64.521	3	1	1	5323.11	0
64.561	3	1	1	5323.11	0
64.601	3	1	1	5323.11	0
64.641	3	1	1	5323.12	0
64.681	3	1	1	5323.12	0
64.721	3	1	1	5323.13	0
64.761	3	1	1	5323.13	0
64.801	3	1	1	5323.13	0
64.841	3	1	1	5323.14	0
64.881	3	1	1	5323.14	0
64.921	3	1	1	5323.15	0
64.961	3	1	1	5323.15	0
65.001	3	1	1	5323.15	0
65.041	3	1	1	5323.16	0
65.081	3	1	1	5323.16	0
65.121	3	1	1	5323.17	0
65.161	3	1	1	5323.17	0
65.201	3	1	1	5323.17	0
65.241	3	1	1	5323.18	0
65.281	3	1	1	5323.18	0
65.321	3	1	1	5323.19	0
65.361	3	1	1	5323.19	0
65.401	3	1	1	5323.19	0
65.441	3	1	1	5323.2	0
65.481	3	1	1	5323.2	0
65.521	3	1	1	5323.2	0
65.561	3	1	1	5323.21	0
65.601	3	1	1	5323.21	0
65.641	3	1	1	5323.21	0
65.681	3	1	1	5323.22	0
65.721	3	1	1	5323.22	0
65.761	3	1	1	5323.22	0
65.801	3	1	1	5323.23	0
65.841	3	1	1	5323.23	0
65.881	3	1	1	5323.24	0
65.921	3	1	1	5323.24	0
65.961	3	1	1	5323.24	0
66.001	3	1	1	5323.25	0
66.041	3	1	1	5323.25	0
66.081	3	1	1	5323.25	0
66.121	3	1	1	5323.26	0
66.161	3	1	1	5323.26	0
66.201	3	1	1	5323.26	0
66.241	3	1	1	5323.27	0
66.281	3	1	1	5323.27	0
66.321	3	1	1	5323.27	0
66.361	3	1	1	5323.28	0
66.401	3	1	1	5320.95	0
66.441	3	1	1	5294.29	0
66.481	3	1	1	5267.82	0
66.521	3	1	1	5241.54	0
66.561	3	1	1	5215.47	0
66.601	3	1	1	5189.59	0
66.641	3	1	1	5163.9	0
66.681	3	1	1	5138.4	0
66.721	3	1	1	5113.09	0
66.761	3	1	1	5087.96	0
66.801	3	1	1	5063.02	0
66.841	3	1	1	5038.27	0
66.881	3	1	1	5013.69	0
66.921	3	1	1	4989.29	0
66.961	3	1	1	4965.08	0
67.001	3	1	1	4941.03	0
67.041	3	1	1	4917.17	0
67.081	3	1	1	4893.47	0
67.121	3	1	1	4869.94	0
67.161	3	1	1	4846.59	0
67.201	3	1	1	4823.4	0
67.241	3	1	1	4800.38	0
67.281	3	1	1	4777.52	0
67.321	3	1	1	4754.83	0
67.361	3	1	1	4732.29	0
67.401	3	1	1	4709.92	0
67.441	3	1	1	4687.7	0
67.481	3	1	1	4665.64	0
67.521	3	1	1	4643.74	0
67.561	3	1	1	4621.99	0
67.601	3	1	1	4600.4	0
67.641	3	1	1	4578.95	0
67.681	3	1	1	4557.65	0
67.721	3	1	1	4536.51	0
67.761	3	1	1	4515.5	0
67.801	3	1	1	4494.65	0
67.841	3	1	1	4473.94	0
67.881	3	1	1	4453.37	0
67.921	3	1	1	4432.94	0
67.961	3	1	1	4412.65	0
68.001	3	1	1	4392.51	0
68.041	3	1	1	4372.5	0
68.081	3	1	1	4352.62	0
68.121	3	1	1	4332.88	0
68.161	3	1	1	4313.28	0
68.201	3	1	1	4293.81	0
68.241	3	1	1	4274.47	0
68.281	3	1	1	4255.26	0
68.321	3	1	1	4236.18	0
68.361	3	1	1	4217.22	0
68.401	3	1	1	4198.4	0
68.441	3	1	1	4179.7	0
68.481	3	1	1	4161.12	0
68.521	3	1	1	4142.67	0
68.561	3	1	1	4124.34	0
68.601	3	1	1	4106.13	0
68.641	3	1	1	4088.04	0
68.681	3	1	1	4070.08	0
68.721	3	1	1	4052.22	0
68.761	3	1	1	4034.49	0
68.801	3	1	1	4016.87	0
68.841	3	1	1	3999.37	0
68.881	3	1	1	3981.99	0
68.921	3	1	1	3964.71	0
68.961	3	1	1	3947.55	0
69.001	3	1	1	3930.5	0
69.041	3	1	1	3913.56	0
69.081	3	1	1	3896.72	0
69.121	3	1	1	3880	0
69.161	3	1	1	3863.39	0
69.201	3	1	1	3846.88	0
69.241	3	1	1	3830.47	0
69.281	3	1	1	3814.17	0
69.321	3	1	1	3797.98	0
69.361	3	1	1	3781.89	0
69.401	3	1	1	3765.9	0
69.441	3	1	1	3750.01	0
69.481	3	1	1	3734.22	0
69.521	3	1	1	3718.53	0
69.561	3	1	1	3702.94	0
69.601	3	1	1	3687.45	0
69.641	3	1	1	3672.05	0
69.681	3	1	1	3656.75	0
69.721	3	1	1	3641.55	0
69.761	3	1	1	3626.44	0
69.801	3	1	1	3611.42	0
69.841	3	1	1	3596.5	0
69.881	3	1	1	3581.67	0
69.921	3	1	1	3566.93	0
69.961	3	1	1	3552.28	0
70.001	3	1	1	3537.72	0
70.041	3	1	1	3523.26	0
70.081	3	1	1	3508.88	0
70.121	3	1	1	3494.58	0
70.161	3	1	1	3480.38	0
70.201	3	1	1	3466.26	0
70.241	3	1	1	3452.23	0
70.281	3	1	1	3438.28	0
70.321	3	1	1	3424.42	0
70.361	3	1	1	3410.64	0
70.401	3	1	1	3396.94	0
70.441	3	1	1	3383.33	0
70.481	3	1	1	3369.79	0
70.521	3	1	1	3356.34	0
70.561	3	1	1	3342.97	0
70.601	3	1	1	3329.68	0
70.641	3	1	1	3316.47	0
70.681	3	1	1	3303.33	0
70.721	3	1	1	3290.28	0
70.761	3	1	1	3277.3	0
70.801	3	1	1	3264.4	0
70.841	3	1	1	3251.57	0
70.881	3	1	1	3238.82	0
70.921	3	1	1	3226.14	0
70.961	3	1	1	3213.54	0
71.001	3	1	1	3201.01	0
71.041	3	1	1	3188.56	0
71.081	3	1	1	3176.18	0
71.121	3	1	1	3163.87	0
71.161	3	1	1	3151.63	0
71.201	3	1	1	3139.46	0
71.241	3	1	1	3127.36	0
71.281	3	1	1	3115.33	0
71.321	3	1	1	3103.38	0
71.361	3	1	1	3091.49	0
71.401	3	1	1	3079.66	0
71.441	3	1	1	3067.91	0
71.481	3	1	1	3056.22	0
71.521	3	1	1	3044.6	0
71.561	3	1	1	3033.05	0
71.601	3	1	1	3021.56	0
71.641	3	1	1	3010.14	0
71.681	3	1	1	2998.78	0
71.721	3	1	1	2987.49	0
71.761	3	1	1	2976.25	0
71.801	3	1	1	2965.09	0
71.841	3	1	1	2953.98	0
71.881	3	1	1	2942.94	0
71.921	3	1	1	2931.96	0
71.961	3	1	1	2921.04	0
72.001	3	1	1	2910.18	0
72.041	3	1	1	2899.38	0
72.081	3	1	1	2888.65	0
72.121	3	1	1	2877.97	0
72.161	3	1	1	2867.35	0
72.201	3	1	1	2856.79	0
72.241	3	1	1	2846.28	0
72.281	3	1	1	2835.84	0
72.321	3	1	1	2825.45	0
72.361	3	1	1	2815.12	0
72.401	3	1	1	2804.85	0
72.441	3	1	1	2794.63	0
72.481	3	1	1	2784.47	0
72.521	3	1	1	2774.36	0
72.561	3	1	1	2764.31	0
72.601	3	1	1	2754.31	0
72.641	3	1	1	2744.37	0
72.681	3	1	1	2734.48	0
72.721	3	1	1	2724.65	0
72.761	3	1	1	2714.86	0
72.801	3	1	1	2705.13	0
72.841	3	1	1	2695.46	0
72.881	3	1	1	2685.83	0
72.921	3	1	1	2676.25	0
72.961	3	1	1	2666.73	0
73.001	3	1	1	2657.26	0
73.041	3	1	1	2647.84	0
73.081	3	1	1	2638.46	0
73.121	3	1	1	2629.14	0
73.161	3	1	1	2619.87	0
73.201	3	1	1	2610.64	0
73.241	3	1	1	2601.47	0
73.281	3	1	1	2592.34	0
73.321	3	1	1	2583.26	0
73.361	3	1	1	2574.23	0
73.401	3	1	1	2565.24	0
73.441	3	1	1	2556.3	0
73.481	3	1	1	2547.41	0
73.521	3	1	1	2538.57	0
73.561	3	1	1	2529.77	0
73.601	3	1	1	2521.02	0
73.641	3	1	1	2512.31	0
73.681	3	1	1	2503.65	0
73.721	3	1	1	2495.03	0
73.761	3	1	1	2486.45	0
73.801	3	1	1	2477.92	0
73.841	3	1	1	2469.44	0
73.881	3	1	1	2461	0
73.921	3	1	1	2452.6	0
73.961	3	1	1	2444.24	0
74.001	3	1	1	2435.93	0
74.041	3	1	1	2427.66	0
74.081	3	1	1	2419.43	0
74.121	3	1	1	2411.24	0
74.161	3	1	1	2403.1	0
74.201	3	1	1	2394.99	0
74.241	3	1	1	2386.93	0
74.281	3	1	1	2378.9	0
74.321	3	1	1	2370.92	0
74.361	3	1	1	2362.98	0
74.401	3	1	1	2355.08	0
74.441	3	1	1	2347.21	0
74.481	3	1	1	2339.39	0
74.521	3	1	1	2331.6	0
74.561	3	1	1	2323.86	0
74.601	3	1	1	2316.15	0
74.641	3	1	1	2308.48	0
74.681	3	1	1	2300.85	0
74.721	3	1	1	2293.26	0
74.761	3	1	1	2285.7	0
74.801	3	1	1	2278.18	0
74.841	3	1	1	2270.7	0
74.881	3	1	1	2263.26	0
74.921	3	1	1	2255.85	0
74.961	3	1	1	2248.48	0
75.001	3	1	1	2241.14	0
75.041	3	1	1	2233.84	0
75.081	3	1	1	2226.58	0
75.121	3	1	1	2219.35	0
75.161	3	1	1	2212.16	0
75.201	3	1	1	2205	0
75.241	3	1	1	2197.87	0
75.281	3	1	1	2190.78	0
75.321	3	1	1	2183.73	0
75.361	3	1	1	2176.71	0
75.401	3	1	1	2169.72	0
75.441	3	1	1	2162.76	0
75.481	3	1	1	2155.84	0
75.521	3	1	1	2148.96	0
75.561	3	1	1	2142.1	0
75.601	3	1	1	2135.28	0
75.641	3	1	1	2128.49	0
75.681	3	1	1	2121.73	0
75.721	3	1	1	2115.01	0
75.761	3	1	1	2108.32	0
75.801	3	1	1	2101.66	0
75.841	3	1	1	2095.03	0
75.881	3	1	1	2088.43	0
75.921	3	1	1	2081.86	0
75.961	3	1	1	2075.32	0
76.001	3	1	1	2068.82	0
76.041	3	1	1	2062.34	0
76.081	3	1	1	2055.9	0
76.121	3	1	1	2049.49	0
76.161	3	1	1	2043.1	0
76.201	3	1	1	2036.75	0
76.241	3	1	1	2030.42	0
76.281	3	1	1	2024.13	0
76.321	3	1	1	2017.86	0
76.361	3	1	1	2011.62	0
76.401	3	1	1	2005.41	0
76.441	3	1	1	1999.23	0
76.481	3	1	1	1993.08	0
76.521	3	1	1	1986.96	0
76.561	3	1	1	1980.86	0
76.601	3	1	1	1974.8	0
76.641	3	1	1	1968.76	0
76.681	3	1	1	1962.75	0
76.721	3	1	1	1956.76	0
76.761	3	1	1	1950.81	0
76.801	3	1	1	1944.88	0
76.841	3	1	1	1938.98	0
76.881	3	1	1	1933.1	0
76.921	3	1	1	1927.25	0
76.961	3	1	1	1921.43	0
77.001	3	1	1	1915.63	0
77.041	3	1	1	1909.86	0
77.081	3	1	1	1904.12	0
77.121	3	1	1	1898.4	0
77.161	3	1	1	1892.71	0
77.201	3	1	1	1887.04	0
77.241	3	1	1	1881.4	0
77.281	3	1	1	1875.79	0
77.321	3	1	1	1870.2	0
77.361	3	1	1	1864.63	0
77.401	3	1	1	1859.09	0
77.441	3	1	1	1853.57	0
77.481	3	1	1	1848.08	0
77.521	3	1	1	1842.61	0
77.561	3	1	1	1837.17	0
77.601	3	1	1	1831.75	0
77.641	3	1	1	1826.35	0
77.681	3	1	1	1820.98	0
77.721	3	1	1	1815.64	0
77.761	3	1	1	1810.31	0
77.801	3	1	1	1805.01	0
77.841	3	1	1	1799.73	0
77.881	3	1	1	1794.48	0
77.921	3	1	1	1789.25	0
77.961	3	1	1	1784.04	0
78.001	3	1	1	1778.85	0
78.041	3	1	1	1773.69	0
78.081	3	1	1	1768.55	0
78.121	3	1	1	1763.43	0
78.161	3	1	1	1758.33	0
78.201	3	1	1	1753.26	0
78.241	3	1	1	1748.21	0
78.281	3	1	1	1743.18	0
78.321	3	1	1	1738.17	0
78.361	3	1	1	1733.18	0
78.401	3	1	1	1728.21	0
78.441	3	1	1	1723.27	0
78.481	3	1	1	1718.34	0
78.521	3	1	1	1713.44	0
78.561	3	1	1	1708.56	0
78.601	3	1	1	1703.7	0
78.641	3	1	1	1698.86	0
78.681	3	1	1	1694.04	0
78.721	3	1	1	1689.24	0
78.761	3	1	1	1684.46	0
78.801	3	1	1	1679.71	0
78.841	3	1	1	1674.97	0
78.881	3	1	1	1670.25	0
78.921	3	1	1	1665.55	0
78.961	3	1	1	1660.87	0
79.001	3	1	1	1656.21	0
79.041	3	1	1	1651.58	0
79.081	3	1	1	1646.96	0
79.121	3	1	1	1642.36	0
79.161	3	1	1	1637.77	0
79.201	3	1	1	1633.21	0
79.241	3	1	1	1628.67	0
79.281	3	1	1	1624.15	0
79.321	3	1	1	1619.64	0
79.361	3	1	1	1615.15	0
79.401	3	1	1	1610.69	0
79.441	3	1	1	1606.24	0
79.481	3	1	1	1601.81	0
79.521	3	1	1	1597.39	0
79.561	3	1	1	1593	0
79.601	3	1	1	1588.62	0
79.641	3	1	1	1584.26	0
79.681	3	1	1	1579.92	0
79.721	3	1	1	1575.6	0
79.761	3	1	1	1571.3	0
79.801	3	1	1	1567.01	0
79.841	3	1	1	1562.74	0
79.881	3	1	1	1558.49	0
79.921	3	1	1	1554.25	0
79.961	3	1	1	1550.04	0
80.001	3	1	1	1545.84	0
80.041	3	1	1	1541.65	0
80.081	3	1	1	1537.49	0
80.121	3	1	1	1533.34	0
80.161	3	1	1	1529.2	0
80.201	3	1	1	1525.09	0
80.241	3	1	1	1520.99	0
80.281	3	1	1	1516.9	0
80.321	3	1	1	1512.84	0
80.361	3	1	1	1508.79	0
80.401	3	1	1	1504.75	0
80.441	3	1	1	1500.74	0
80.481	3	1	1	1496.73	0
80.521	3	1	1	1492.75	0
80.561	3	1	1	1488.78	0
80.601	3	1	1	1484.82	0
80.641	3	1	1	1480.88	0
80.681	3	1	1	1476.96	0
80.721	3	1	1	1473.05	0
80.761	3	1	1	1469.16	0
80.801	3	1	1	1465.29	0
80.841	3	1	1	1461.43	0
80.881	3	1	1	1457.58	0
80.921	3	1	1	1453.75	0
80.961	3	1	1	1449.93	0
81.001	3	1	1	1446.13	0
81.041	3	1	1	1442.35	0
81.081	3	1	1	1438.58	0
81.121	3	1	1	1434.82	0
81.161	3	1	1	1431.08	0
81.201	3	1	1	1427.35	0
81.241	3	1	1	1423.64	0
81.281	3	1	1	1419.94	0
81.321	3	1	1	1416.26	0
81.361	3	1	1	1412.59	0
81.401	3	1	1	1408.94	0
81.441	3	1	1	1405.3	0
81.481	3	1	1	1401.67	0
81.521	3	1	1	1398.06	0
81.561	3	1	1	1394.46	0
81.601	3	1	1	1390.87	0
81.641	3	1	1	1387.3	0
81.681	3	1	1	1383.75	0
81.721	3	1	1	1380.2	0
81.761	3	1	1	1376.67	0
81.801	3	1	1	1373.16	0
81.841	3	1	1	1369.65	0
81.881	3	1	1	1366.16	0
81.921	3	1	1	1362.69	0
81.961	3	1	1	1359.23	0
82.001	3	1	1	1355.78	0
82.041	3	1	1	1352.34	0
82.081	3	1	1	1348.92	0
82.121	3	1	1	1345.51	0
82.161	3	1	1	1342.11	0
82.201	3	1	1	1338.72	0
82.241	3	1	1	1335.35	0
82.281	3	1	1	1331.99	0
82.321	3	1	1	1328.64	0
82.361	3	1	1	1325.31	0
82.401	3	1	1	1321.99	0
82.441	3	1	1	1318.68	0
82.481	3	1	1	1315.38	0
82.521	3	1	1	1312.1	0
82.561	3	1	1	1308.83	0
82.601	3	1	1	1305.57	0
82.641	3	1	1	1302.32	0
82.681	3	1	1	1299.08	0
82.721	3	1	1	1295.86	0
82.761	3	1	1	1292.65	0
82.801	3	1	1	1289.45	0
82.841	3	1	1	1286.26	0
82.881	3	1	1	1283.09	0
82.921	3	1	1	1279.92	0
82.961	3	1	1	1276.77	0
83.001	3	1	1	1273.63	0
83.041	3	1	1	1270.5	0
83.081	3	1	1	1267.38	0
83.121	3	1	1	1264.28	0
83.161	3	1	1	1261.18	0
83.201	3	1	1	1258.1	0
83.241	3	1	1	1255.03	0
83.281	3	1	1	1251.96	0
83.321	3	1	1	1248.91	0
83.361	3	1	1	1245.88	0
83.401	3	1	1	1242.85	0
83.441	3	1	1	1239.83	0
83.481	3	1	1	1236.83	0
83.521	3	1	1	1233.83	0
83.561	3	1	1	1230.85	0
83.601	3	1	1	1227.88	0
83.641	3	1	1	1224.91	0
83.681	3	1	1	1221.96	0
83.721	3	1	1	1219.02	0
83.761	3	1	1	1216.09	0
83.801	3	1	1	1213.17	0
83.841	3	1	1	1210.26	0
83.881	3	1	1	1207.36	0
83.921	3	1	1	1204.47	0
83.961	3	1	1	1201.6	0
84.001	3	1	1	1198.73	0
84.041	3	1	1	1195.87	0
84.081	3	1	1	1193.02	0
84.121	3	1	1	1190.19	0
84.161	3	1	1	1187.36	0
84.201	3	1	1	1184.54	0
84.241	3	1	1	1181.74	0
84.281	3	1	1	1178.94	0
84.321	3	1	1	1176.15	0
84.361	3	1	1	1173.37	0
84.401	3	1	1	1170.61	0
84.441	3	1	1	1167.85	0
84.481	3	1	1	1165.1	0
84.521	3	1	1	1162.36	0
84.561	3	1	1	1159.64	0
84.601	3	1	1	1156.92	0
84.641	3	1	1	1154.21	0
84.681	3	1	1	1151.51	0
84.721	3	1	1	1148.82	0
84.761	3	1	1	1146.14	0
84.801	3	1	1	1143.46	0
84.841	3	1	1	1140.8	0
84.881	3	1	1	1138.15	0
84.921	3	1	1	1135.51	0
84.961	3	1	1	1132.87	0
85.001	3	1	1	1130.25	0
85.041	3	1	1	1127.63	0
85.081	3	1	1	1125.02	0
85.121	3	1	1	1122.42	0
85.161	3	1	1	1119.84	0
85.201	3	1	1	1117.26	0
85.241	3	1	1	1114.68	0
85.281	3	1	1	1112.12	0
85.321	3	1	1	1109.57	0
85.361	3	1	1	1107.02	0
85.401	3	1	1	1104.49	0
85.441	3	1	1	1101.96	0
85.481	3	1	1	1099.44	0
85.521	3	1	1	1096.93	0
85.561	3	1	1	1094.43	0
85.601	3	1	1	1091.94	0
85.641	3	1	1	1089.45	0
85.681	3	1	1	1086.98	0
85.721	3	1	1	1084.51	0
85.761	3	1	1	1082.05	0
85.801	3	1	1	1079.6	0
85.841	3	1	1	1077.16	0
85.881	3	1	1	1074.72	0
85.921	3	1	1	1072.3	0
85.961	3	1	1	1069.88	0
86.001	3	1	1	1067.47	0
86.041	3	1	1	1065.07	0
86.081	3	1	1	1062.67	0
86.121	3	1	1	1060.29	0
86.161	3	1	1	1057.91	0
86.201	3	1	1	1055.54	0
86.241	3	1	1	1053.18	0
86.281	3	1	1	1050.83	0
86.321	3	1	1	1048.48	0
86.361	3	1	1	1046.14	0
86.401	3	1	1	1043.81	0
86.441	3	1	1	1041.49	0
86.481	3	1	1	1039.18	0
86.521	3	1	1	1036.87	0
86.561	3	1	1	1034.57	0
86.601	3	1	1	1032.28	0
86.641	3	1	1	1030	0
86.681	3	1	1	1027.72	0
86.721	3	1	1	1025.45	0
86.761	3	1	1	1023.19	0
86.801	3	1	1	1020.94	0
86.841	3	1	1	1018.69	0
86.881	3	1	1	1016.45	0
86.921	3	1	1	1014.22	0
86.961	3	1	1	1012	0
87.001	3	1	1	1009.78	0
87.041	3	1	1	1007.57	0
87.081	3	1	1	1005.37	0
87.121	3	1	1	1003.17	0
87.161	3	1	1	1000.99	0
87.201	3	1	1	998.804	0
87.241	3	1	1	996.631	0
87.281	3	1	1	994.464	0
87.321	3	1	1	992.305	0
87.361	3	1	1	990.152	0
87.401	3	1	1	988.007	0
87.441	3	1	1	985.868	0
87.481	3	1	1	983.737	0
87.521	3	1	1	981.612	0
87.561	3	1	1	979.494	0
87.601	3	1	1	977.383	0
87.641	3	1	1	975.279	0
87.681	3	1	1	973.182	0
87.721	3	1	1	971.091	0
87.761	3	1	1	969.008	0
87.801	3	1	1	966.931	0
87.841	3	1	1	964.86	0
87.881	3	1	1	962.796	0
87.921	3	1	1	960.739	0
87.961	3	1	1	958.688	0
88.001	3	1	1	956.644	0
88.041	3	1	1	954.607	0
88.081	3	1	1	952.576	0
88.121	3	1	1	950.551	0
88.161	3	1	1	948.533	0
88.201	3	1	1	946.521	0
88.241	3	1	1	944.516	0
88.281	3	1	1	942.517	0
88.321	3	1	1	940.525	0
88.361	3	1	1	938.538	0
88.401	3	1	1	936.558	0
88.441	3	1	1	934.585	0
88.481	3	1	1	932.617	0
88.521	3	1	1	930.656	0
88.561	3	1	1	928.701	0
88.601	3	1	1	926.752	0
88.641	3	1	1	924.809	0
88.681	3	1	1	922.872	0
88.721	3	1	1	920.942	0
88.761	3	1	1	919.017	0
88.801	3	1	1	917.098	0
88.841	3	1	1	915.186	0
88.881	3	1	1	913.279	0
88.921	3	1	1	911.379	0
88.961	3	1	1	909.484	0
89.001	3	1	1	907.595	0
89.041	3	1	1	905.712	0
89.081	3	1	1	903.835	0
89.121	3	1	1	901.964	0
89.161	3	1	1	900.098	0
89.201	3	1	1	898.239	0
89.241	3	1	1	896.385	0
89.281	3	1	1	894.537	0
89.321	3	1	1	892.694	0
89.361	3	1	1	890.857	0
89.401	3	1	1	889.026	0
89.441	3	1	1	887.201	0
89.481	3	1	1	885.381	0
89.521	3	1	1	883.567	0
89.561	3	1	1	881.758	0
89.601	3	1	1	879.955	0
89.641	3	1	1	878.157	0
89.681	3	1	1	876.365	0
89.721	3	1	1	874.579	0
89.761	3	1	1	872.797	0
89.801	3	1	1	871.022	0
89.841	3	1	1	869.251	0
89.881	3	1	1	867.486	0
89.921	3	1	1	865.727	0
89.961	3	1	1	863.973	0
90.001	3	1	1	862.224	0
90.041	3	1	1	860.48	0
90.081	3	1	1	858.742	0
90.121	3	1	1	857.009	0
90.161	3	1	1	855.281	0
90.201	3	1	1	853.558	0
90.241	3	1	1	851.841	0
90.281	3	1	1	850.129	0
90.321	3	1	1	848.422	0
90.361	3	1	1	846.72	0
90.401	3	1	1	845.023	0
90.441	3	1	1	843.331	0
90.481	3	1	1	841.645	0
90.521	3	1	1	839.963	0
90.561	3	1	1	838.287	0
90.601	3	1	1	836.615	0
90.641	3	1	1	834.949	0
90.681	3	1	1	833.287	0
90.721	3	1	1	831.63	0
90.761	3	1	1	829.979	0
90.801	3	1	1	828.332	0
90.841	3	1	1	826.69	0
90.881	3	1	1	825.053	0
90.921	3	1	1	823.421	0
90.961	3	1	1	821.794	0
91.001	3	1	1	820.171	0
91.041	3	1	1	818.554	0
91.081	3	1	1	816.941	0
91.121	3	1	1	815.333	0
91.161	3	1	1	813.729	0
91.201	3	1	1	812.131	0
91.241	3	1	1	810.537	0
91.281	3	1	1	808.947	0
91.321	3	1	1	807.363	0
91.361	3	1	1	805.783	0
91.401	3	1	1	804.208	0
91.441	3	1	1	802.637	0
91.481	3	1	1	801.071	0
91.521	3	1	1	799.509	0
91.561	3	1	1	797.952	0
91.601	3	1	1	796.4	0
91.641	3	1	1	794.852	0
91.681	3	1	1	793.309	0
91.721	3	1	1	791.77	0
91.761	3	1	1	790.236	0
91.801	3	1	1	788.706	0
91.841	3	1	1	787.18	0
91.881	3	1	1	785.659	0
91.921	3	1	1	784.142	0
91.961	3	1	1	782.63	0
92.001	3	1	1	781.122	0
92.041	3	1	1	779.619	0
92.081	3	1	1	778.119	0
92.121	3	1	1	776.624	0
92.161	3	1	1	775.134	0
92.201	3	1	1	773.647	0
92.241	3	1	1	772.165	0
92.281	3	1	1	770.688	0
92.321	3	1	1	769.214	0
92.361	3	1	1	767.745	0
92.401	3	1	1	766.28	0
92.441	3	1	1	764.819	0
92.481	3	1	1	763.362	0
92.521	3	1	1	761.909	0
92.561	3	1	1	760.461	0
92.601	3	1	1	759.016	0
92.641	3	1	1	757.576	0
92.681	3	1	1	756.14	0
92.721	3	1	1	754.708	0
92.761	3	1	1	753.28	0
92.801	3	1	1	751.856	0
92.841	3	1	1	750.436	0
92.881	3	1	1	749.02	0
92.921	3	1	1	747.608	0
92.961	3	1	1	746.201	0
93.001	3	1	1	744.797	0
93.041	3	1	1	743.397	0
93.081	3	1	1	742.001	0
93.121	3	1	1	740.609	0
93.161	3	1	1	739.22	0
93.201	3	1	1	737.836	0
93.241	3	1	1	736.456	0
93.281	3	1	1	735.079	0
93.321	3	1	1	733.707	0
93.361	3	1	1	732.338	0
93.401	3	1	1	730.973	0
93.441	3	1	1	729.612	0
93.481	3	1	1	728.254	0
93.521	3	1	1	726.901	0
93.561	3	1	1	725.551	0
93.601	3	1	1	724.205	0
93.641	3	1	1	722.862	0
93.681	3	1	1	721.524	0
93.721	3	1	1	720.189	0
93.761	3	1	1	718.858	0
93.801	3	1	1	717.53	0
93.841	3	1	1	716.206	0
93.881	3	1	1	714.886	0
93.921	3	1	1	713.57	0
93.961	3	1	1	712.257	0
94.001	3	1	1	710.947	0
94.041	3	1	1	709.642	0
94.081	3	1	1	708.34	0
94.121	3	1	1	707.041	0
94.161	3	1	1	705.746	0
94.201	3	1	1	704.455	0
94.241	3	1	1	703.167	0
94.281	3	1	1	701.883	0
94.321	3	1	1	700.602	0
94.361	3	1	1	699.325	0
94.401	3	1	1	698.051	0
94.441	3	1	1	696.781	0
94.481	3	1	1	695.514	0
94.521	3	1	1	694.25	0
94.561	3	1	1	692.99	0
94.601	3	1	1	691.734	0
94.641	3	1	1	690.481	0
94.681	3	1	1	689.231	0
94.721	3	1	1	687.985	0
94.761	3	1	1	686.742	0
94.801	3	1	1	685.502	0
94.841	3	1	1	684.266	0
94.881	3	1	1	683.033	0
94.921	3	1	1	681.804	0
94.961	3	1	1	680.577	0
95.001	3	1	1	679.354	0
95.041	3	1	1	678.135	0
95.081	3	1	1	676.918	0
95.121	3	1	1	675.705	0
95.161	3	1	1	674.496	0
95.201	3	1	1	673.289	0
95.241	3	1	1	672.086	0
95.281	3	1	1	670.885	0
95.321	3	1	1	669.689	0
95.361	3	1	1	668.495	0
95.401	3	1	1	667.304	0
95.441	3	1	1	666.117	0
95.481	3	1	1	664.933	0
95.521	3	1	1	663.752	0
95.561	3	1	1	662.574	0
95.601	3	1	1	661.399	0
95.641	3	1	1	660.227	0
95.681	3	1	1	659.059	0
95.721	3	1	1	657.894	0
95.761	3	1	1	656.731	0
95.801	3	1	1	655.572	0
95.841	3	1	1	654.416	0
95.881	3	1	1	653.263	0
95.921	3	1	1	652.113	0
95.961	3	1	1	650.965	0
96.001	3	1	1	649.821	0
96.041	3	1	1	648.68	0
96.081	3	1	1	647.542	0
96.121	3	1	1	646.407	0
96.161	3	1	1	645.275	0
96.201	3	1	1	644.146	0
96.241	3	1	1	643.02	0
96.281	3	1	1	641.897	0
96.321	3	1	1	640.777	0
96.361	3	1	1	639.66	0
96.401	3	1	1	638.545	0
96.441	3	1	1	637.434	0
96.481	3	1	1	636.325	0
96.521	3	1	1	635.219	0
96.561	3	1	1	634.117	0
96.601	3	1	1	633.017	0
96.641	3	1	1	631.92	0
96.681	3	1	1	630.825	0
96.721	3	1	1	629.734	0
96.761	3	1	1	628.646	0
96.801	3	1	1	627.56	0
96.841	3	1	1	626.477	0
96.881	3	1	1	625.397	0
96.921	3	1	1	624.32	0
96.961	3	1	1	623.245	0
97.001	3	1	1	622.173	0
97.041	3	1	1	621.104	0
97.081	3	1	1	620.038	0
97.121	3	1	1	618.974	0
97.161	3	1	1	617.914	0
97.201	3	1	1	616.856	0
97.241	3	1	1	615.8	0
97.281	3	1	1	614.748	0
97.321	3	1	1	613.698	0
97.361	3	1	1	612.65	0
97.401	3	1	1	611.606	0
97.441	3	1	1	610.564	0
97.481	3	1	1	609.525	0
97.521	3	1	1	608.488	0
97.561	3	1	1	607.454	0
97.601	3	1	1	606.423	0
97.641	3	1	1	605.394	0
97.681	3	1	1	604.368	0
97.721	3	1	1	603.345	0
97.761	3	1	1	602.324	0
97.801	3	1	1	601.306	0
97.841	3	1	1	600.29	0
97.881	3	1	1	599.277	0
97.921	3	1	1	598.266	0
97.961	3	1	1	597.258	0
98.001	3	1	1	596.253	0
98.041	3	1	1	595.25	0
98.081	3	1	1	594.249	0
98.121	3	1	1	593.251	0
98.161	3	1	1	592.256	0
98.201	3	1	1	591.263	0
98.241	3	1	1	590.273	0
98.281	3	1	1	589.285	0
98.321	3	1	1	588.3	0
98.361	3	1	1	587.317	0
98.401	3	1	1	586.336	0
98.441	3	1	1	585.358	0
98.481	3	1	1	584.383	0
98.521	3	1	1	583.409	0
98.561	3	1	1	582.439	0
98.601	3	1	1	581.47	0
98.641	3	1	1	580.505	0
98.681	3	1	1	579.541	0
98.721	3	1	1	578.58	0
98.761	3	1	1	577.621	0
98.801	3	1	1	576.665	0
98.841	3	1	1	575.711	0
98.881	3	1	1	574.759	0
98.921	3	1	1	573.81	0
98.961	3	1	1	572.863	0
99.001	3	1	1	571.919	0
99.041	3	1	1	570.977	0
99.081	3	1	1	570.037	0
99.121	3	1	1	569.099	0
99.161	3	1	1	568.164	0
99.201	3	1	1	567.231	0
99.241	3	1	1	566.301	0
99.281	3	1	1	565.372	0
99.321	3	1	1	564.446	0
99.361	3	1	1	563.522	0
99.401	3	1	1	562.601	0
99.441	3	1	1	561.682	0
99.481	3	1	1	560.765	0
99.521	3	1	1	559.85	0
99.561	3	1	1	558.937	0
99.601	3	1	1	558.027	0
99.641	3	1	1	557.119	0
99.681	3	1	1	556.213	0
99.721	3	1	1	555.309	0
99.761	3	1	1	554.408	0
99.801	3	1	1	553.509	0
99.841	3	1	1	552.611	0
99.881	3	1	1	551.717	0
99.921	3	1	1	550.824	0
99.961	3	1	1	549.933	0
